1 1
2 1
3 1
4 1
5 1
6 1
7 1
8 1
9 1
10 1
11 1
12 1
13 1
14 1
15 1
16 1
17 1
18 1
19 1
20 1
21 1
22 1
23 1
24 1
25 1
26 1
27 1
28 1
29 1
30 1
31 1
32 1
33 1
34 1
35 1
36 1
37 1
38 1
39 1
40 1
41 1
42 1
43 1
44 1
45 1
46 1
47 1
48 1
49 1
50 1
51 2
52 2
53 2
54 2
55 2
56 2
57 2
58 2
59 2
60 2
61 2
62 2
63 2
64 2
65 2
66 2
67 2
68 2
69 2
70 2
71 2
72 2
73 2
74 2
75 2
76 2
77 2
78 2
79 2
80 2
81 2
82 2
83 2
84 2
85 2
86 2
87 2
88 2
89 2
90 2
91 2
92 2
93 2
94 2
95 2
96 2
97 2
98 2
99 2
100 2
101 3
102 3
103 3
104 3
105 3
106 3
107 3
108 3
109 3
110 3
111 3
112 3
113 3
114 3
115 3
116 3
117 3
118 3
119 3
120 3
121 3
122 3
123 3
124 3
125 3
126 3
127 3
128 3
129 3
130 3
131 3
132 3
133 3
134 3
135 3
136 3
137 3
138 3
139 3
140 3
141 3
142 3
143 3
144 3
145 3
146 3
147 3
148 3
149 4
150 4
151 4
152 4
153 4
154 4
155 4
156 4
157 4
158 4
159 4
160 4
161 4
162 4
163 4
164 4
165 4
166 4
167 4
168 4
169 4
170 4
171 4
172 4
173 4
174 4
175 4
176 4
177 4
178 4
179 4
180 4
181 4
182 4
183 4
184 4
185 4
186 4
187 4
188 4
189 4
190 4
191 4
192 4
193 4
194 4
195 4
196 4
197 4
198 4
199 5
200 5
201 5
202 5
203 5
204 5
205 5
206 5
207 5
208 5
209 5
210 5
211 5
212 5
213 5
214 5
215 5
216 5
217 5
218 5
219 5
220 5
221 5
222 5
223 5
224 5
225 5
226 5
227 5
228 5
229 5
230 5
231 5
232 5
233 6
234 6
235 6
236 6
237 6
238 6
239 6
240 6
241 6
242 6
243 6
244 6
245 6
246 6
247 6
248 6
249 6
250 6
251 6
252 6
253 6
254 6
255 6
256 6
257 6
258 6
259 6
260 6
261 6
262 6
263 6
264 7
265 7
266 7
267 7
268 7
269 7
270 7
271 7
272 7
273 7
274 7
275 7
276 7
277 7
278 7
279 7
280 7
281 7
282 7
283 7
284 7
285 7
286 7
287 7
288 7
289 7
290 7
291 7
292 7
293 7
294 7
295 7
296 7
297 7
298 7
299 7
300 7
301 7
302 7
303 7
304 7
305 7
306 7
307 8
308 8
309 8
310 8
311 8
312 8
313 8
314 8
315 8
316 8
317 8
318 8
319 8
320 8
321 8
322 8
323 8
324 8
325 8
326 8
327 8
328 8
329 8
330 8
331 8
332 8
333 8
334 8
335 8
336 8
337 8
338 8
339 8
340 8
341 8
342 8
343 8
344 8
345 9
346 9
347 9
348 9
349 9
350 9
351 9
352 9
353 9
354 9
355 9
356 9
357 9
358 9
359 9
360 9
361 9
362 9
363 9
364 9
365 9
366 9
367 9
368 9
369 9
370 9
371 9
372 9
373 9
374 9
375 9
376 9
377 9
378 9
379 9
380 9
381 9
382 9
383 9
384 9
385 9
386 9
387 9
388 9
389 9
390 9
391 9
392 9
393 9
394 10
395 10
396 10
397 10
398 10
399 10
400 10
401 10
402 10
403 10
404 10
405 10
406 10
407 10
408 10
409 10
410 10
411 10
412 10
413 10
414 10
415 10
416 10
417 10
418 10
419 10
420 10
421 10
422 10
423 10
424 10
425 10
426 10
427 10
428 10
429 10
430 10
431 10
432 10
433 10
434 10
435 10
436 10
437 10
438 10
439 10
440 10
441 10
442 10
443 10
444 11
445 11
446 11
447 11
448 11
449 11
450 11
451 11
452 11
453 11
454 11
455 11
456 11
457 11
458 11
459 11
460 11
461 11
462 11
463 11
464 11
465 11
466 11
467 11
468 11
469 11
470 11
471 11
472 11
473 11
474 11
475 11
476 11
477 11
478 11
479 11
480 11
481 11
482 11
483 11
484 11
485 11
486 11
487 11
488 11
489 11
490 11
491 11
492 11
493 11
494 12
495 12
496 12
497 12
498 12
499 12
500 12
501 12
502 12
503 12
504 12
505 12
506 12
507 12
508 12
509 12
510 12
511 12
512 12
513 12
514 12
515 12
516 12
517 12
518 12
519 12
520 12
521 12
522 12
523 12
524 12
525 12
526 12
527 12
528 12
529 12
530 12
531 12
532 12
533 12
534 12
535 12
536 12
537 12
538 12
539 12
540 13
541 13
542 13
543 13
544 13
545 13
546 13
547 13
548 13
549 13
550 13
551 13
552 13
553 13
554 13
555 13
556 13
557 13
558 13
559 13
560 13
561 13
562 13
563 13
564 13
565 13
566 13
567 13
568 13
569 13
570 13
571 13
572 13
573 13
574 13
575 13
576 13
577 13
578 13
579 13
580 13
581 13
582 13
583 13
584 13
585 13
586 13
587 13
588 13
589 13
590 14
591 14
592 14
593 14
594 14
595 14
596 14
597 14
598 14
599 14
600 14
601 14
602 14
603 14
604 14
605 14
606 14
607 14
608 14
609 14
610 14
611 14
612 14
613 14
614 14
615 14
616 14
617 14
618 14
619 14
620 14
621 14
622 14
623 14
624 14
625 14
626 14
627 14
628 14
629 14
630 14
631 14
632 14
633 14
634 14
635 14
636 14
637 14
638 14
639 14
640 15
641 15
642 15
643 15
644 15
645 15
646 15
647 15
648 15
649 15
650 15
651 15
652 15
653 15
654 15
655 15
656 15
657 15
658 15
659 15
660 15
661 15
662 15
663 15
664 15
665 15
666 15
667 15
668 15
669 15
670 15
671 15
672 15
673 15
674 15
675 15
676 15
677 15
678 15
679 15
680 15
681 15
682 15
683 15
684 15
685 15
686 15
687 15
688 16
689 16
690 16
691 16
692 16
693 16
694 16
695 16
696 16
697 16
698 16
699 16
700 16
701 16
702 16
703 16
704 16
705 16
706 16
707 16
708 16
709 16
710 16
711 16
712 16
713 16
714 16
715 16
716 16
717 16
718 16
719 16
720 16
721 16
722 16
723 16
724 16
725 16
726 16
727 16
728 16
729 16
730 16
731 16
732 16
733 16
734 16
735 16
736 17
737 17
738 17
739 17
740 17
741 17
742 17
743 17
744 17
745 17
746 17
747 17
748 17
749 17
750 17
751 17
752 17
753 17
754 17
755 17
756 17
757 17
758 17
759 17
760 17
761 17
762 17
763 17
764 17
765 17
766 17
767 17
768 17
769 17
770 17
771 17
772 17
773 17
774 17
775 17
776 17
777 17
778 17
779 17
780 17
781 17
782 17
783 18
784 18
785 18
786 18
787 18
788 18
789 18
790 18
791 18
792 18
793 18
794 18
795 18
796 18
797 18
798 18
799 18
800 18
801 18
802 18
803 18
804 18
805 18
806 18
807 18
808 18
809 18
810 18
811 18
812 18
813 18
814 18
815 18
816 18
817 18
818 19
819 19
820 19
821 19
822 19
823 19
824 19
825 19
826 19
827 19
828 19
829 19
830 19
831 19
832 19
833 19
834 19
835 19
836 19
837 19
838 19
839 19
840 19
841 19
842 19
843 19
844 19
845 19
846 19
847 19
848 19
849 19
850 19
851 19
852 19
853 19
854 19
855 19
856 19
857 19
858 19
859 19
860 19
861 19
862 19
863 19
864 19
865 19
866 19
867 20
868 20
869 20
870 20
871 20
872 20
873 20
874 20
875 20
876 20
877 20
878 20
879 20
880 20
881 20
882 20
883 20
884 20
885 20
886 20
887 20
888 20
889 20
890 20
891 20
892 20
893 20
894 20
895 20
896 20
897 20
898 20
899 20
900 20
901 20
902 20
903 20
904 20
905 20
906 20
907 20
908 20
909 20
910 20
911 20
912 20
913 20
914 20
915 20
916 21
917 21
918 21
919 21
920 21
921 21
922 21
923 21
924 21
925 21
926 21
927 21
928 21
929 21
930 21
931 21
932 21
933 21
934 21
935 21
936 21
937 21
938 21
939 21
940 21
941 21
942 21
943 21
944 21
945 21
946 21
947 21
948 21
949 21
950 21
951 21
952 21
953 21
954 21
955 21
956 21
957 21
958 21
959 21
960 21
961 21
962 21
963 21
964 21
965 21
966 22
967 22
968 22
969 22
970 22
971 22
972 22
973 22
974 22
975 22
976 22
977 22
978 22
979 22
980 22
981 22
982 22
983 22
984 22
985 22
986 22
987 22
988 22
989 22
990 22
991 22
992 22
993 22
994 22
995 22
996 22
997 22
998 22
999 22
1000 22
1001 22
1002 22
1003 22
1004 22
1005 22
1006 22
1007 22
1008 22
1009 22
1010 22
1011 22
1012 23
1013 23
1014 23
1015 23
1016 23
1017 23
1018 23
1019 23
1020 23
1021 23
1022 23
1023 23
1024 23
1025 23
1026 23
1027 23
1028 23
1029 23
1030 23
1031 23
1032 23
1033 23
1034 23
1035 23
1036 23
1037 23
1038 23
1039 23
1040 23
1041 23
1042 23
1043 23
1044 23
1045 23
1046 23
1047 23
1048 23
1049 23
1050 23
1051 23
1052 23
1053 23
1054 23
1055 23
1056 23
1057 23
1058 23
1059 23
1060 23
1061 24
1062 24
1063 24
1064 24
1065 24
1066 24
1067 24
1068 24
1069 24
1070 24
1071 24
1072 24
1073 24
1074 24
1075 24
1076 24
1077 24
1078 24
1079 24
1080 24
1081 24
1082 24
1083 24
1084 24
1085 24
1086 24
1087 24
1088 24
1089 24
1090 24
1091 24
1092 24
1093 24
1094 24
1095 24
1096 24
1097 24
1098 24
1099 24
1100 24
1101 24
1102 24
1103 25
1104 25
1105 25
1106 25
1107 25
1108 25
1109 25
1110 25
1111 25
1112 25
1113 25
1114 25
1115 25
1116 25
1117 25
1118 25
1119 25
1120 25
1121 25
1122 25
1123 25
1124 25
1125 25
1126 25
1127 25
1128 25
1129 25
1130 25
1131 25
1132 25
1133 25
1134 25
1135 25
1136 25
1137 25
1138 25
1139 25
1140 25
1141 25
1142 25
1143 25
1144 25
1145 25
1146 25
1147 25
1148 25
1149 25
1150 25
1151 25
1152 25
1153 26
1154 26
1155 26
1156 26
1157 26
1158 26
1159 26
1160 26
1161 26
1162 26
1163 26
1164 26
1165 26
1166 26
1167 26
1168 26
1169 26
1170 26
1171 26
1172 26
1173 26
1174 26
1175 26
1176 26
1177 26
1178 26
1179 26
1180 26
1181 26
1182 26
1183 26
1184 26
1185 26
1186 26
1187 26
1188 26
1189 26
1190 26
1191 26
1192 26
1193 26
1194 26
1195 26
1196 26
1197 26
1198 26
1199 26
1200 26
1201 26
1202 26
1203 27
1204 27
1205 27
1206 27
1207 27
1208 27
1209 27
1210 27
1211 27
1212 27
1213 27
1214 27
1215 27
1216 27
1217 27
1218 27
1219 27
1220 27
1221 27
1222 27
1223 27
1224 27
1225 27
1226 27
1227 27
1228 27
1229 27
1230 27
1231 27
1232 27
1233 27
1234 27
1235 27
1236 27
1237 27
1238 27
1239 27
1240 27
1241 27
1242 27
1243 27
1244 27
1245 27
1246 27
1247 27
1248 27
1249 27
1250 27
1251 27
1252 27
1253 28
1254 28
1255 28
1256 28
1257 28
1258 28
1259 28
1260 28
1261 28
1262 28
1263 28
1264 28
1265 28
1266 28
1267 28
1268 28
1269 28
1270 28
1271 28
1272 28
1273 28
1274 28
1275 28
1276 28
1277 28
1278 28
1279 28
1280 28
1281 28
1282 28
1283 28
1284 28
1285 28
1286 28
1287 28
1288 28
1289 28
1290 28
1291 28
1292 28
1293 28
1294 28
1295 28
1296 28
1297 28
1298 28
1299 28
1300 28
1301 28
1302 29
1303 29
1304 29
1305 29
1306 29
1307 29
1308 29
1309 29
1310 29
1311 29
1312 29
1313 29
1314 29
1315 29
1316 29
1317 29
1318 29
1319 29
1320 29
1321 29
1322 29
1323 29
1324 29
1325 29
1326 29
1327 29
1328 29
1329 29
1330 29
1331 29
1332 29
1333 29
1334 29
1335 29
1336 29
1337 29
1338 29
1339 29
1340 29
1341 29
1342 29
1343 29
1344 29
1345 29
1346 29
1347 29
1348 29
1349 29
1350 29
1351 29
1352 30
1353 30
1354 30
1355 30
1356 30
1357 30
1358 30
1359 30
1360 30
1361 30
1362 30
1363 30
1364 30
1365 30
1366 30
1367 30
1368 30
1369 30
1370 30
1371 30
1372 30
1373 30
1374 30
1375 30
1376 30
1377 30
1378 30
1379 30
1380 30
1381 30
1382 30
1383 30
1384 30
1385 30
1386 30
1387 30
1388 30
1389 30
1390 30
1391 30
1392 30
1393 30
1394 30
1395 30
1396 30
1397 30
1398 30
1399 30
1400 30
1401 30
1402 31
1403 31
1404 31
1405 31
1406 31
1407 31
1408 31
1409 31
1410 31
1411 31
1412 31
1413 31
1414 31
1415 31
1416 31
1417 31
1418 31
1419 31
1420 31
1421 31
1422 31
1423 31
1424 31
1425 31
1426 31
1427 31
1428 31
1429 31
1430 31
1431 31
1432 31
1433 31
1434 31
1435 31
1436 31
1437 31
1438 31
1439 31
1440 31
1441 31
1442 31
1443 31
1444 31
1445 31
1446 31
1447 31
1448 31
1449 31
1450 31
1451 31
1452 32
1453 32
1454 32
1455 32
1456 32
1457 32
1458 32
1459 32
1460 32
1461 32
1462 32
1463 32
1464 32
1465 32
1466 32
1467 32
1468 32
1469 32
1470 32
1471 32
1472 32
1473 32
1474 32
1475 32
1476 32
1477 32
1478 32
1479 32
1480 32
1481 32
1482 32
1483 32
1484 32
1485 32
1486 32
1487 32
1488 32
1489 32
1490 32
1491 32
1492 32
1493 32
1494 32
1495 33
1496 33
1497 33
1498 33
1499 33
1500 33
1501 33
1502 33
1503 33
1504 33
1505 33
1506 33
1507 33
1508 33
1509 33
1510 33
1511 33
1512 33
1513 33
1514 33
1515 33
1516 33
1517 33
1518 33
1519 33
1520 33
1521 33
1522 33
1523 33
1524 33
1525 33
1526 33
1527 33
1528 33
1529 33
1530 33
1531 33
1532 33
1533 33
1534 33
1535 33
1536 33
1537 33
1538 33
1539 33
1540 33
1541 33
1542 33
1543 33
1544 34
1545 34
1546 34
1547 34
1548 34
1549 34
1550 34
1551 34
1552 34
1553 34
1554 34
1555 34
1556 34
1557 34
1558 34
1559 34
1560 34
1561 34
1562 34
1563 34
1564 34
1565 34
1566 34
1567 34
1568 34
1569 34
1570 34
1571 34
1572 34
1573 34
1574 34
1575 34
1576 34
1577 34
1578 34
1579 34
1580 34
1581 34
1582 34
1583 34
1584 34
1585 34
1586 34
1587 34
1588 34
1589 34
1590 34
1591 34
1592 34
1593 35
1594 35
1595 35
1596 35
1597 35
1598 35
1599 35
1600 35
1601 35
1602 35
1603 35
1604 35
1605 35
1606 35
1607 35
1608 35
1609 35
1610 35
1611 35
1612 35
1613 35
1614 35
1615 35
1616 35
1617 35
1618 35
1619 35
1620 35
1621 35
1622 35
1623 35
1624 35
1625 35
1626 35
1627 35
1628 35
1629 35
1630 35
1631 35
1632 35
1633 35
1634 35
1635 35
1636 35
1637 35
1638 35
1639 35
1640 35
1641 35
1642 35
1643 36
1644 36
1645 36
1646 36
1647 36
1648 36
1649 36
1650 36
1651 36
1652 36
1653 36
1654 36
1655 36
1656 36
1657 36
1658 36
1659 36
1660 36
1661 36
1662 36
1663 36
1664 36
1665 36
1666 36
1667 36
1668 36
1669 36
1670 36
1671 36
1672 36
1673 36
1674 36
1675 36
1676 36
1677 36
1678 36
1679 36
1680 36
1681 36
1682 36
1683 36
1684 36
1685 36
1686 36
1687 36
1688 36
1689 36
1690 36
1691 36
1692 36
1693 37
1694 37
1695 37
1696 37
1697 37
1698 37
1699 37
1700 37
1701 37
1702 37
1703 37
1704 37
1705 37
1706 37
1707 37
1708 37
1709 37
1710 37
1711 37
1712 37
1713 37
1714 37
1715 37
1716 37
1717 37
1718 37
1719 37
1720 37
1721 37
1722 37
1723 37
1724 37
1725 37
1726 37
1727 37
1728 37
1729 37
1730 37
1731 37
1732 37
1733 37
1734 37
1735 37
1736 37
1737 37
1738 37
1739 37
1740 37
1741 37
1742 38
1743 38
1744 38
1745 38
1746 38
1747 38
1748 38
1749 38
1750 38
1751 38
1752 38
1753 38
1754 38
1755 38
1756 38
1757 38
1758 38
1759 38
1760 38
1761 38
1762 38
1763 38
1764 38
1765 38
1766 38
1767 38
1768 38
1769 38
1770 38
1771 38
1772 38
1773 38
1774 38
1775 38
1776 38
1777 38
1778 38
1779 38
1780 38
1781 38
1782 38
1783 38
1784 38
1785 38
1786 38
1787 38
1788 38
1789 38
1790 38
1791 38
1792 39
1793 39
1794 39
1795 39
1796 39
1797 39
1798 39
1799 39
1800 39
1801 39
1802 39
1803 39
1804 39
1805 39
1806 39
1807 39
1808 39
1809 39
1810 39
1811 39
1812 39
1813 39
1814 39
1815 39
1816 39
1817 39
1818 39
1819 39
1820 39
1821 39
1822 39
1823 39
1824 39
1825 39
1826 39
1827 39
1828 39
1829 39
1830 39
1831 39
1832 39
1833 39
1834 39
1835 39
1836 39
1837 39
1838 39
1839 39
1840 39
1841 40
1842 40
1843 40
1844 40
1845 40
1846 40
1847 40
1848 40
1849 40
1850 40
1851 40
1852 40
1853 40
1854 40
1855 40
1856 40
1857 40
1858 40
1859 40
1860 40
1861 40
1862 40
1863 40
1864 40
1865 40
1866 40
1867 40
1868 40
1869 40
1870 40
1871 40
1872 40
1873 40
1874 40
1875 40
1876 40
1877 40
1878 40
1879 40
1880 40
1881 40
1882 40
1883 40
1884 40
1885 40
1886 40
1887 40
1888 40
1889 40
1890 40
1891 41
1892 41
1893 41
1894 41
1895 41
1896 41
1897 41
1898 41
1899 41
1900 41
1901 41
1902 41
1903 41
1904 41
1905 41
1906 41
1907 41
1908 41
1909 41
1910 41
1911 41
1912 41
1913 41
1914 41
1915 41
1916 41
1917 41
1918 41
1919 41
1920 41
1921 41
1922 41
1923 41
1924 41
1925 41
1926 41
1927 41
1928 41
1929 41
1930 41
1931 41
1932 41
1933 41
1934 41
1935 41
1936 41
1937 41
1938 41
1939 41
1940 41
1941 42
1942 42
1943 42
1944 42
1945 42
1946 42
1947 42
1948 42
1949 42
1950 42
1951 42
1952 42
1953 42
1954 42
1955 42
1956 42
1957 42
1958 42
1959 42
1960 42
1961 42
1962 42
1963 42
1964 42
1965 42
1966 42
1967 42
1968 42
1969 42
1970 42
1971 42
1972 42
1973 42
1974 42
1975 42
1976 42
1977 42
1978 42
1979 42
1980 42
1981 42
1982 42
1983 42
1984 42
1985 42
1986 42
1987 42
1988 42
1989 42
1990 42
1991 43
1992 43
1993 43
1994 43
1995 43
1996 43
1997 43
1998 43
1999 43
2000 43
2001 43
2002 43
2003 43
2004 43
2005 43
2006 43
2007 43
2008 43
2009 43
2010 43
2011 43
2012 43
2013 43
2014 43
2015 43
2016 43
2017 43
2018 43
2019 43
2020 43
2021 43
2022 43
2023 43
2024 43
2025 43
2026 43
2027 43
2028 43
2029 43
2030 43
2031 43
2032 43
2033 43
2034 43
2035 43
2036 43
2037 43
2038 43
2039 43
2040 44
2041 44
2042 44
2043 44
2044 44
2045 44
2046 44
2047 44
2048 44
2049 44
2050 44
2051 44
2052 44
2053 44
2054 44
2055 44
2056 44
2057 44
2058 44
2059 44
2060 44
2061 44
2062 44
2063 44
2064 44
2065 44
2066 44
2067 44
2068 44
2069 44
2070 44
2071 44
2072 44
2073 44
2074 44
2075 44
2076 44
2077 44
2078 44
2079 44
2080 44
2081 44
2082 44
2083 44
2084 44
2085 44
2086 44
2087 44
2088 44
2089 44
2090 45
2091 45
2092 45
2093 45
2094 45
2095 45
2096 45
2097 45
2098 45
2099 45
2100 45
2101 45
2102 45
2103 45
2104 45
2105 45
2106 45
2107 45
2108 45
2109 45
2110 45
2111 45
2112 45
2113 45
2114 45
2115 45
2116 45
2117 45
2118 45
2119 45
2120 45
2121 45
2122 45
2123 45
2124 45
2125 45
2126 45
2127 45
2128 45
2129 45
2130 45
2131 45
2132 45
2133 45
2134 45
2135 45
2136 45
2137 45
2138 45
2139 45
2140 46
2141 46
2142 46
2143 46
2144 46
2145 46
2146 46
2147 46
2148 46
2149 46
2150 46
2151 46
2152 46
2153 46
2154 46
2155 46
2156 46
2157 46
2158 46
2159 46
2160 46
2161 46
2162 46
2163 46
2164 46
2165 46
2166 46
2167 46
2168 46
2169 46
2170 46
2171 46
2172 46
2173 46
2174 46
2175 46
2176 46
2177 46
2178 46
2179 46
2180 46
2181 46
2182 46
2183 46
2184 46
2185 46
2186 46
2187 46
2188 46
2189 46
2190 47
2191 47
2192 47
2193 47
2194 47
2195 47
2196 47
2197 47
2198 47
2199 47
2200 47
2201 47
2202 47
2203 47
2204 47
2205 47
2206 47
2207 47
2208 47
2209 47
2210 47
2211 47
2212 47
2213 47
2214 47
2215 47
2216 47
2217 47
2218 47
2219 47
2220 47
2221 47
2222 47
2223 47
2224 47
2225 47
2226 47
2227 47
2228 47
2229 47
2230 47
2231 47
2232 47
2233 47
2234 47
2235 47
2236 47
2237 47
2238 47
2239 47
2240 48
2241 48
2242 48
2243 48
2244 48
2245 48
2246 48
2247 48
2248 48
2249 48
2250 48
2251 48
2252 48
2253 48
2254 48
2255 48
2256 48
2257 48
2258 48
2259 48
2260 48
2261 48
2262 48
2263 48
2264 48
2265 48
2266 48
2267 48
2268 48
2269 48
2270 48
2271 48
2272 48
2273 48
2274 48
2275 48
2276 48
2277 48
2278 48
2279 48
2280 48
2281 48
2282 48
2283 48
2284 48
2285 48
2286 48
2287 48
2288 48
2289 48
2290 49
2291 49
2292 49
2293 49
2294 49
2295 49
2296 49
2297 49
2298 49
2299 49
2300 49
2301 49
2302 49
2303 49
2304 49
2305 49
2306 49
2307 49
2308 49
2309 49
2310 49
2311 49
2312 49
2313 49
2314 49
2315 49
2316 49
2317 49
2318 49
2319 49
2320 49
2321 49
2322 49
2323 49
2324 49
2325 49
2326 49
2327 49
2328 49
2329 49
2330 49
2331 49
2332 49
2333 49
2334 49
2335 49
2336 49
2337 49
2338 49
2339 49
2340 50
2341 50
2342 50
2343 50
2344 50
2345 50
2346 50
2347 50
2348 50
2349 50
2350 50
2351 50
2352 50
2353 50
2354 50
2355 50
2356 50
2357 50
2358 50
2359 50
2360 50
2361 50
2362 50
2363 50
2364 50
2365 50
2366 50
2367 50
2368 50
2369 50
2370 50
2371 50
2372 50
2373 50
2374 50
2375 50
2376 50
2377 50
2378 50
2379 50
2380 50
2381 50
2382 50
2383 50
2384 50
2385 50
2386 50
2387 50
2388 50
2389 50
2390 51
2391 51
2392 51
2393 51
2394 51
2395 51
2396 51
2397 51
2398 51
2399 51
2400 51
2401 51
2402 51
2403 51
2404 51
2405 51
2406 51
2407 51
2408 51
2409 51
2410 51
2411 51
2412 51
2413 51
2414 51
2415 51
2416 51
2417 51
2418 51
2419 51
2420 51
2421 51
2422 51
2423 51
2424 51
2425 51
2426 51
2427 51
2428 51
2429 51
2430 51
2431 51
2432 51
2433 51
2434 51
2435 51
2436 51
2437 51
2438 51
2439 51
2440 52
2441 52
2442 52
2443 52
2444 52
2445 52
2446 52
2447 52
2448 52
2449 52
2450 52
2451 52
2452 52
2453 52
2454 52
2455 52
2456 52
2457 52
2458 52
2459 52
2460 52
2461 52
2462 52
2463 52
2464 52
2465 52
2466 52
2467 52
2468 52
2469 52
2470 52
2471 52
2472 52
2473 52
2474 52
2475 52
2476 52
2477 52
2478 52
2479 52
2480 52
2481 52
2482 52
2483 52
2484 52
2485 52
2486 52
2487 52
2488 52
2489 52
2490 53
2491 53
2492 53
2493 53
2494 53
2495 53
2496 53
2497 53
2498 53
2499 53
2500 53
2501 53
2502 53
2503 53
2504 53
2505 53
2506 53
2507 53
2508 53
2509 53
2510 53
2511 53
2512 53
2513 53
2514 53
2515 53
2516 53
2517 53
2518 53
2519 53
2520 53
2521 53
2522 53
2523 53
2524 53
2525 53
2526 53
2527 53
2528 53
2529 53
2530 53
2531 53
2532 53
2533 53
2534 53
2535 53
2536 53
2537 53
2538 53
2539 53
2540 54
2541 54
2542 54
2543 54
2544 54
2545 54
2546 54
2547 54
2548 54
2549 54
2550 54
2551 54
2552 54
2553 54
2554 54
2555 54
2556 54
2557 54
2558 54
2559 54
2560 54
2561 54
2562 54
2563 54
2564 54
2565 54
2566 54
2567 54
2568 54
2569 54
2570 54
2571 54
2572 54
2573 54
2574 54
2575 54
2576 54
2577 54
2578 54
2579 54
2580 54
2581 54
2582 54
2583 54
2584 54
2585 54
2586 54
2587 54
2588 54
2589 54
2590 55
2591 55
2592 55
2593 55
2594 55
2595 55
2596 55
2597 55
2598 55
2599 55
2600 55
2601 55
2602 55
2603 55
2604 55
2605 55
2606 55
2607 55
2608 55
2609 55
2610 55
2611 55
2612 55
2613 55
2614 55
2615 55
2616 55
2617 55
2618 55
2619 55
2620 55
2621 55
2622 55
2623 55
2624 55
2625 55
2626 55
2627 55
2628 55
2629 55
2630 55
2631 55
2632 55
2633 55
2634 55
2635 55
2636 55
2637 55
2638 55
2639 55
2640 56
2641 56
2642 56
2643 56
2644 56
2645 56
2646 56
2647 56
2648 56
2649 56
2650 56
2651 56
2652 56
2653 56
2654 56
2655 56
2656 56
2657 56
2658 56
2659 56
2660 56
2661 56
2662 56
2663 56
2664 56
2665 56
2666 56
2667 56
2668 56
2669 56
2670 56
2671 56
2672 56
2673 56
2674 56
2675 56
2676 56
2677 56
2678 56
2679 56
2680 56
2681 56
2682 56
2683 56
2684 56
2685 56
2686 56
2687 56
2688 56
2689 56
2690 57
2691 57
2692 57
2693 57
2694 57
2695 57
2696 57
2697 57
2698 57
2699 57
2700 57
2701 57
2702 57
2703 57
2704 57
2705 57
2706 57
2707 57
2708 57
2709 57
2710 57
2711 57
2712 57
2713 57
2714 57
2715 57
2716 57
2717 57
2718 57
2719 57
2720 57
2721 57
2722 57
2723 57
2724 57
2725 57
2726 57
2727 57
2728 57
2729 57
2730 57
2731 57
2732 57
2733 57
2734 57
2735 57
2736 57
2737 57
2738 57
2739 57
2740 58
2741 58
2742 58
2743 58
2744 58
2745 58
2746 58
2747 58
2748 58
2749 58
2750 58
2751 58
2752 58
2753 58
2754 58
2755 58
2756 58
2757 58
2758 58
2759 58
2760 58
2761 58
2762 58
2763 58
2764 58
2765 58
2766 58
2767 58
2768 58
2769 58
2770 58
2771 58
2772 58
2773 58
2774 58
2775 58
2776 58
2777 58
2778 58
2779 58
2780 58
2781 58
2782 58
2783 58
2784 58
2785 58
2786 58
2787 58
2788 59
2789 59
2790 59
2791 59
2792 59
2793 59
2794 59
2795 59
2796 59
2797 59
2798 59
2799 59
2800 59
2801 59
2802 59
2803 59
2804 59
2805 59
2806 59
2807 59
2808 59
2809 59
2810 59
2811 59
2812 59
2813 59
2814 59
2815 59
2816 59
2817 59
2818 59
2819 59
2820 59
2821 59
2822 59
2823 59
2824 59
2825 59
2826 59
2827 59
2828 59
2829 59
2830 59
2831 59
2832 59
2833 59
2834 59
2835 59
2836 59
2837 59
2838 60
2839 60
2840 60
2841 60
2842 60
2843 60
2844 60
2845 60
2846 60
2847 60
2848 60
2849 60
2850 60
2851 60
2852 60
2853 60
2854 60
2855 60
2856 60
2857 60
2858 60
2859 60
2860 60
2861 60
2862 60
2863 60
2864 60
2865 60
2866 60
2867 60
2868 60
2869 60
2870 60
2871 60
2872 60
2873 60
2874 60
2875 60
2876 60
2877 60
2878 60
2879 60
2880 60
2881 60
2882 60
2883 60
2884 60
2885 60
2886 60
2887 61
2888 61
2889 61
2890 61
2891 61
2892 61
2893 61
2894 61
2895 61
2896 61
2897 61
2898 61
2899 61
2900 61
2901 61
2902 61
2903 61
2904 61
2905 61
2906 61
2907 61
2908 61
2909 61
2910 61
2911 61
2912 61
2913 61
2914 61
2915 61
2916 61
2917 61
2918 61
2919 61
2920 61
2921 61
2922 61
2923 61
2924 61
2925 61
2926 61
2927 61
2928 61
2929 61
2930 61
2931 61
2932 61
2933 61
2934 61
2935 61
2936 61
2937 62
2938 62
2939 62
2940 62
2941 62
2942 62
2943 62
2944 62
2945 62
2946 62
2947 62
2948 62
2949 62
2950 62
2951 62
2952 62
2953 62
2954 62
2955 62
2956 62
2957 62
2958 62
2959 62
2960 62
2961 62
2962 62
2963 62
2964 62
2965 62
2966 62
2967 62
2968 62
2969 62
2970 62
2971 62
2972 62
2973 62
2974 62
2975 62
2976 62
2977 62
2978 62
2979 62
2980 62
2981 62
2982 62
2983 62
2984 62
2985 62
2986 62
2987 63
2988 63
2989 63
2990 63
2991 63
2992 63
2993 63
2994 63
2995 63
2996 63
2997 63
2998 63
2999 63
3000 63
3001 63
3002 63
3003 63
3004 63
3005 63
3006 63
3007 63
3008 63
3009 63
3010 63
3011 63
3012 63
3013 63
3014 63
3015 63
3016 63
3017 63
3018 63
3019 63
3020 63
3021 63
3022 63
3023 63
3024 63
3025 63
3026 63
3027 63
3028 63
3029 63
3030 63
3031 63
3032 63
3033 63
3034 63
3035 63
3036 63
3037 64
3038 64
3039 64
3040 64
3041 64
3042 64
3043 64
3044 64
3045 64
3046 64
3047 64
3048 64
3049 64
3050 64
3051 64
3052 64
3053 64
3054 64
3055 64
3056 64
3057 64
3058 64
3059 64
3060 64
3061 64
3062 64
3063 64
3064 64
3065 64
3066 64
3067 64
3068 64
3069 64
3070 64
3071 64
3072 64
3073 64
3074 64
3075 64
3076 64
3077 64
3078 64
3079 64
3080 64
3081 64
3082 64
3083 64
3084 64
3085 64
3086 64
3087 65
3088 65
3089 65
3090 65
3091 65
3092 65
3093 65
3094 65
3095 65
3096 65
3097 65
3098 65
3099 65
3100 65
3101 65
3102 65
3103 65
3104 65
3105 65
3106 65
3107 65
3108 65
3109 65
3110 65
3111 65
3112 65
3113 65
3114 65
3115 65
3116 65
3117 65
3118 65
3119 65
3120 65
3121 65
3122 65
3123 65
3124 65
3125 65
3126 65
3127 66
3128 66
3129 66
3130 66
3131 66
3132 66
3133 66
3134 66
3135 66
3136 66
3137 66
3138 66
3139 66
3140 66
3141 66
3142 66
3143 66
3144 66
3145 66
3146 66
3147 66
3148 66
3149 66
3150 66
3151 66
3152 66
3153 66
3154 66
3155 66
3156 66
3157 66
3158 66
3159 66
3160 66
3161 66
3162 66
3163 66
3164 66
3165 66
3166 66
3167 66
3168 66
3169 66
3170 66
3171 66
3172 66
3173 66
3174 66
3175 66
3176 66
3177 67
3178 67
3179 67
3180 67
3181 67
3182 67
3183 67
3184 67
3185 67
3186 67
3187 67
3188 67
3189 67
3190 67
3191 67
3192 67
3193 67
3194 67
3195 67
3196 67
3197 67
3198 67
3199 67
3200 67
3201 67
3202 67
3203 67
3204 67
3205 67
3206 67
3207 67
3208 67
3209 67
3210 67
3211 67
3212 67
3213 67
3214 67
3215 67
3216 67
3217 67
3218 67
3219 67
3220 67
3221 67
3222 67
3223 67
3224 67
3225 67
3226 67
3227 68
3228 68
3229 68
3230 68
3231 68
3232 68
3233 68
3234 68
3235 68
3236 68
3237 68
3238 68
3239 68
3240 68
3241 68
3242 68
3243 68
3244 68
3245 68
3246 68
3247 68
3248 68
3249 68
3250 68
3251 68
3252 68
3253 68
3254 68
3255 68
3256 68
3257 68
3258 68
3259 68
3260 68
3261 68
3262 68
3263 68
3264 68
3265 68
3266 68
3267 68
3268 68
3269 68
3270 68
3271 68
3272 68
3273 68
3274 68
3275 68
3276 68
3277 69
3278 69
3279 69
3280 69
3281 69
3282 69
3283 69
3284 69
3285 69
3286 69
3287 69
3288 69
3289 69
3290 69
3291 69
3292 69
3293 69
3294 69
3295 69
3296 69
3297 69
3298 69
3299 69
3300 69
3301 69
3302 69
3303 69
3304 69
3305 69
3306 69
3307 69
3308 69
3309 69
3310 69
3311 69
3312 69
3313 69
3314 69
3315 69
3316 69
3317 69
3318 69
3319 69
3320 69
3321 69
3322 69
3323 69
3324 69
3325 69
3326 69
3327 70
3328 70
3329 70
3330 70
3331 70
3332 70
3333 70
3334 70
3335 70
3336 70
3337 70
3338 70
3339 70
3340 70
3341 70
3342 70
3343 70
3344 70
3345 70
3346 70
3347 70
3348 70
3349 70
3350 70
3351 70
3352 70
3353 70
3354 70
3355 70
3356 70
3357 70
3358 70
3359 70
3360 70
3361 70
3362 70
3363 70
3364 70
3365 70
3366 70
3367 70
3368 70
3369 70
3370 70
3371 70
3372 70
3373 70
3374 70
3375 70
3376 70
3377 71
3378 71
3379 71
3380 71
3381 71
3382 71
3383 71
3384 71
3385 71
3386 71
3387 71
3388 71
3389 71
3390 71
3391 71
3392 71
3393 71
3394 71
3395 71
3396 71
3397 71
3398 71
3399 71
3400 71
3401 71
3402 71
3403 71
3404 71
3405 71
3406 71
3407 71
3408 71
3409 71
3410 71
3411 71
3412 71
3413 71
3414 71
3415 71
3416 71
3417 71
3418 71
3419 71
3420 71
3421 71
3422 71
3423 71
3424 71
3425 71
3426 71
3427 72
3428 72
3429 72
3430 72
3431 72
3432 72
3433 72
3434 72
3435 72
3436 72
3437 72
3438 72
3439 72
3440 72
3441 72
3442 72
3443 72
3444 72
3445 72
3446 72
3447 72
3448 72
3449 72
3450 72
3451 72
3452 72
3453 72
3454 72
3455 72
3456 72
3457 72
3458 72
3459 72
3460 72
3461 72
3462 72
3463 72
3464 72
3465 72
3466 72
3467 72
3468 72
3469 72
3470 72
3471 72
3472 72
3473 72
3474 72
3475 72
3476 72
3477 73
3478 73
3479 73
3480 73
3481 73
3482 73
3483 73
3484 73
3485 73
3486 73
3487 73
3488 73
3489 73
3490 73
3491 73
3492 73
3493 73
3494 73
3495 73
3496 73
3497 73
3498 73
3499 73
3500 73
3501 73
3502 73
3503 73
3504 73
3505 73
3506 73
3507 73
3508 73
3509 73
3510 73
3511 73
3512 73
3513 73
3514 73
3515 73
3516 73
3517 73
3518 73
3519 73
3520 73
3521 73
3522 73
3523 73
3524 73
3525 73
3526 73
3527 74
3528 74
3529 74
3530 74
3531 74
3532 74
3533 74
3534 74
3535 74
3536 74
3537 74
3538 74
3539 74
3540 74
3541 74
3542 74
3543 74
3544 74
3545 74
3546 74
3547 74
3548 74
3549 74
3550 74
3551 74
3552 74
3553 74
3554 74
3555 74
3556 74
3557 74
3558 74
3559 74
3560 74
3561 74
3562 74
3563 74
3564 74
3565 74
3566 74
3567 74
3568 74
3569 74
3570 74
3571 74
3572 74
3573 74
3574 74
3575 74
3576 74
3577 75
3578 75
3579 75
3580 75
3581 75
3582 75
3583 75
3584 75
3585 75
3586 75
3587 75
3588 75
3589 75
3590 75
3591 75
3592 75
3593 75
3594 75
3595 75
3596 75
3597 75
3598 75
3599 75
3600 75
3601 75
3602 75
3603 75
3604 75
3605 75
3606 75
3607 75
3608 75
3609 75
3610 75
3611 75
3612 75
3613 75
3614 75
3615 75
3616 75
3617 75
3618 75
3619 75
3620 75
3621 75
3622 75
3623 75
3624 76
3625 76
3626 76
3627 76
3628 76
3629 76
3630 76
3631 76
3632 76
3633 76
3634 76
3635 76
3636 76
3637 76
3638 76
3639 76
3640 76
3641 76
3642 76
3643 76
3644 76
3645 76
3646 76
3647 76
3648 76
3649 76
3650 76
3651 76
3652 76
3653 76
3654 76
3655 76
3656 76
3657 76
3658 76
3659 76
3660 76
3661 76
3662 76
3663 76
3664 76
3665 76
3666 76
3667 76
3668 76
3669 76
3670 76
3671 76
3672 76
3673 76
3674 77
3675 77
3676 77
3677 77
3678 77
3679 77
3680 77
3681 77
3682 77
3683 77
3684 77
3685 77
3686 77
3687 77
3688 77
3689 77
3690 77
3691 77
3692 77
3693 77
3694 77
3695 77
3696 77
3697 77
3698 77
3699 77
3700 77
3701 77
3702 77
3703 77
3704 77
3705 77
3706 77
3707 77
3708 77
3709 77
3710 77
3711 77
3712 77
3713 77
3714 77
3715 77
3716 77
3717 77
3718 77
3719 77
3720 77
3721 77
3722 77
3723 77
3724 78
3725 78
3726 78
3727 78
3728 78
3729 78
3730 78
3731 78
3732 78
3733 78
3734 78
3735 78
3736 78
3737 78
3738 78
3739 78
3740 78
3741 78
3742 78
3743 78
3744 78
3745 78
3746 78
3747 78
3748 78
3749 78
3750 78
3751 78
3752 78
3753 78
3754 78
3755 78
3756 78
3757 78
3758 78
3759 78
3760 78
3761 78
3762 78
3763 78
3764 78
3765 78
3766 78
3767 78
3768 78
3769 78
3770 78
3771 78
3772 78
3773 79
3774 79
3775 79
3776 79
3777 79
3778 79
3779 79
3780 79
3781 79
3782 79
3783 79
3784 79
3785 79
3786 79
3787 79
3788 79
3789 79
3790 79
3791 79
3792 79
3793 79
3794 79
3795 79
3796 79
3797 79
3798 79
3799 79
3800 79
3801 79
3802 79
3803 79
3804 79
3805 79
3806 79
3807 79
3808 79
3809 79
3810 79
3811 79
3812 79
3813 79
3814 79
3815 79
3816 79
3817 79
3818 79
3819 79
3820 79
3821 79
3822 79
3823 80
3824 80
3825 80
3826 80
3827 80
3828 80
3829 80
3830 80
3831 80
3832 80
3833 80
3834 80
3835 80
3836 80
3837 80
3838 80
3839 80
3840 80
3841 80
3842 80
3843 80
3844 80
3845 80
3846 80
3847 80
3848 80
3849 80
3850 80
3851 80
3852 80
3853 80
3854 80
3855 80
3856 80
3857 80
3858 80
3859 80
3860 80
3861 80
3862 80
3863 80
3864 80
3865 80
3866 80
3867 80
3868 80
3869 80
3870 80
3871 80
3872 80
3873 81
3874 81
3875 81
3876 81
3877 81
3878 81
3879 81
3880 81
3881 81
3882 81
3883 81
3884 81
3885 81
3886 81
3887 81
3888 81
3889 81
3890 81
3891 81
3892 81
3893 81
3894 81
3895 81
3896 81
3897 81
3898 81
3899 81
3900 81
3901 81
3902 81
3903 81
3904 81
3905 81
3906 81
3907 81
3908 81
3909 81
3910 81
3911 81
3912 81
3913 81
3914 81
3915 81
3916 81
3917 81
3918 81
3919 81
3920 81
3921 81
3922 81
3923 82
3924 82
3925 82
3926 82
3927 82
3928 82
3929 82
3930 82
3931 82
3932 82
3933 82
3934 82
3935 82
3936 82
3937 82
3938 82
3939 82
3940 82
3941 82
3942 82
3943 82
3944 82
3945 82
3946 82
3947 82
3948 82
3949 82
3950 82
3951 82
3952 82
3953 82
3954 82
3955 82
3956 82
3957 82
3958 82
3959 82
3960 82
3961 82
3962 82
3963 82
3964 82
3965 82
3966 82
3967 82
3968 82
3969 82
3970 82
3971 82
3972 82
3973 83
3974 83
3975 83
3976 83
3977 83
3978 83
3979 83
3980 83
3981 83
3982 83
3983 83
3984 83
3985 83
3986 83
3987 83
3988 83
3989 83
3990 83
3991 83
3992 83
3993 83
3994 83
3995 83
3996 83
3997 83
3998 83
3999 83
4000 83
4001 83
4002 83
4003 83
4004 83
4005 83
4006 83
4007 83
4008 83
4009 83
4010 83
4011 83
4012 83
4013 83
4014 83
4015 83
4016 83
4017 83
4018 83
4019 83
4020 83
4021 83
4022 83
4023 84
4024 84
4025 84
4026 84
4027 84
4028 84
4029 84
4030 84
4031 84
4032 84
4033 84
4034 84
4035 84
4036 84
4037 84
4038 84
4039 84
4040 84
4041 84
4042 84
4043 84
4044 84
4045 84
4046 84
4047 84
4048 84
4049 84
4050 84
4051 84
4052 84
4053 84
4054 84
4055 84
4056 84
4057 84
4058 84
4059 84
4060 84
4061 84
4062 84
4063 84
4064 84
4065 84
4066 85
4067 85
4068 85
4069 85
4070 85
4071 85
4072 85
4073 85
4074 85
4075 85
4076 85
4077 85
4078 85
4079 85
4080 85
4081 85
4082 85
4083 85
4084 85
4085 85
4086 85
4087 85
4088 85
4089 85
4090 85
4091 85
4092 85
4093 85
4094 85
4095 85
4096 85
4097 85
4098 85
4099 85
4100 85
4101 85
4102 85
4103 85
4104 85
4105 85
4106 85
4107 85
4108 85
4109 85
4110 85
4111 85
4112 85
4113 85
4114 85
4115 85
4116 86
4117 86
4118 86
4119 86
4120 86
4121 86
4122 86
4123 86
4124 86
4125 86
4126 86
4127 86
4128 86
4129 86
4130 86
4131 86
4132 86
4133 86
4134 86
4135 86
4136 86
4137 86
4138 86
4139 86
4140 86
4141 86
4142 86
4143 86
4144 86
4145 86
4146 86
4147 86
4148 86
4149 86
4150 86
4151 86
4152 86
4153 86
4154 86
4155 86
4156 86
4157 86
4158 86
4159 86
4160 86
4161 86
4162 86
4163 86
4164 86
4165 86
4166 87
4167 87
4168 87
4169 87
4170 87
4171 87
4172 87
4173 87
4174 87
4175 87
4176 87
4177 87
4178 87
4179 87
4180 87
4181 87
4182 87
4183 87
4184 87
4185 87
4186 87
4187 87
4188 87
4189 87
4190 87
4191 87
4192 87
4193 87
4194 87
4195 87
4196 87
4197 87
4198 87
4199 87
4200 87
4201 87
4202 87
4203 87
4204 87
4205 87
4206 87
4207 87
4208 87
4209 87
4210 87
4211 87
4212 87
4213 87
4214 87
4215 87
4216 88
4217 88
4218 88
4219 88
4220 88
4221 88
4222 88
4223 88
4224 88
4225 88
4226 88
4227 88
4228 88
4229 88
4230 88
4231 88
4232 88
4233 88
4234 88
4235 88
4236 88
4237 88
4238 88
4239 88
4240 88
4241 88
4242 88
4243 88
4244 88
4245 88
4246 88
4247 88
4248 88
4249 88
4250 88
4251 88
4252 88
4253 88
4254 88
4255 88
4256 88
4257 88
4258 88
4259 88
4260 88
4261 88
4262 88
4263 88
4264 88
4265 88
4266 89
4267 89
4268 89
4269 89
4270 89
4271 89
4272 89
4273 89
4274 89
4275 89
4276 89
4277 89
4278 89
4279 89
4280 89
4281 89
4282 89
4283 89
4284 89
4285 89
4286 89
4287 89
4288 89
4289 89
4290 89
4291 89
4292 89
4293 89
4294 89
4295 89
4296 89
4297 89
4298 89
4299 89
4300 89
4301 89
4302 89
4303 89
4304 89
4305 89
4306 89
4307 89
4308 89
4309 89
4310 89
4311 89
4312 89
4313 89
4314 89
4315 89
4316 90
4317 90
4318 90
4319 90
4320 90
4321 90
4322 90
4323 90
4324 90
4325 90
4326 90
4327 90
4328 90
4329 90
4330 90
4331 90
4332 90
4333 90
4334 90
4335 90
4336 90
4337 90
4338 90
4339 90
4340 90
4341 90
4342 90
4343 90
4344 90
4345 90
4346 90
4347 90
4348 90
4349 90
4350 90
4351 90
4352 90
4353 90
4354 90
4355 90
4356 90
4357 90
4358 90
4359 90
4360 90
4361 90
4362 90
4363 90
4364 90
4365 90
4366 91
4367 91
4368 91
4369 91
4370 91
4371 91
4372 91
4373 91
4374 91
4375 91
4376 91
4377 91
4378 91
4379 91
4380 91
4381 91
4382 91
4383 91
4384 91
4385 91
4386 91
4387 91
4388 91
4389 91
4390 91
4391 91
4392 91
4393 91
4394 91
4395 91
4396 91
4397 91
4398 91
4399 91
4400 91
4401 91
4402 91
4403 91
4404 91
4405 91
4406 91
4407 91
4408 91
4409 91
4410 91
4411 91
4412 91
4413 91
4414 91
4415 91
4416 92
4417 92
4418 92
4419 92
4420 92
4421 92
4422 92
4423 92
4424 92
4425 92
4426 92
4427 92
4428 92
4429 92
4430 92
4431 92
4432 92
4433 92
4434 92
4435 92
4436 92
4437 92
4438 92
4439 92
4440 92
4441 92
4442 92
4443 92
4444 92
4445 92
4446 92
4447 92
4448 92
4449 92
4450 92
4451 92
4452 92
4453 92
4454 92
4455 92
4456 92
4457 92
4458 92
4459 92
4460 92
4461 92
4462 92
4463 92
4464 92
4465 92
4466 93
4467 93
4468 93
4469 93
4470 93
4471 93
4472 93
4473 93
4474 93
4475 93
4476 93
4477 93
4478 93
4479 93
4480 93
4481 93
4482 93
4483 93
4484 93
4485 93
4486 93
4487 93
4488 93
4489 93
4490 93
4491 93
4492 93
4493 93
4494 93
4495 93
4496 93
4497 93
4498 93
4499 93
4500 93
4501 93
4502 93
4503 93
4504 93
4505 93
4506 93
4507 93
4508 93
4509 93
4510 93
4511 93
4512 93
4513 93
4514 93
4515 93
4516 94
4517 94
4518 94
4519 94
4520 94
4521 94
4522 94
4523 94
4524 94
4525 94
4526 94
4527 94
4528 94
4529 94
4530 94
4531 94
4532 94
4533 94
4534 94
4535 94
4536 94
4537 94
4538 94
4539 94
4540 94
4541 94
4542 94
4543 94
4544 94
4545 94
4546 94
4547 94
4548 94
4549 94
4550 94
4551 94
4552 94
4553 94
4554 94
4555 94
4556 94
4557 94
4558 94
4559 94
4560 94
4561 94
4562 94
4563 94
4564 94
4565 94
4566 95
4567 95
4568 95
4569 95
4570 95
4571 95
4572 95
4573 95
4574 95
4575 95
4576 95
4577 95
4578 95
4579 95
4580 95
4581 95
4582 95
4583 95
4584 95
4585 95
4586 95
4587 95
4588 95
4589 95
4590 95
4591 95
4592 95
4593 95
4594 95
4595 95
4596 95
4597 95
4598 95
4599 95
4600 95
4601 95
4602 95
4603 95
4604 95
4605 95
4606 95
4607 95
4608 95
4609 95
4610 95
4611 95
4612 95
4613 95
4614 95
4615 95
4616 96
4617 96
4618 96
4619 96
4620 96
4621 96
4622 96
4623 96
4624 96
4625 96
4626 96
4627 96
4628 96
4629 96
4630 96
4631 96
4632 96
4633 96
4634 96
4635 96
4636 96
4637 96
4638 96
4639 96
4640 96
4641 96
4642 96
4643 96
4644 96
4645 96
4646 96
4647 96
4648 96
4649 96
4650 96
4651 96
4652 96
4653 96
4654 96
4655 96
4656 96
4657 96
4658 96
4659 96
4660 96
4661 96
4662 96
4663 96
4664 96
4665 96
4666 97
4667 97
4668 97
4669 97
4670 97
4671 97
4672 97
4673 97
4674 97
4675 97
4676 97
4677 97
4678 97
4679 97
4680 97
4681 97
4682 97
4683 97
4684 97
4685 97
4686 97
4687 97
4688 97
4689 97
4690 97
4691 97
4692 97
4693 97
4694 97
4695 97
4696 97
4697 97
4698 97
4699 97
4700 97
4701 97
4702 97
4703 97
4704 97
4705 97
4706 97
4707 97
4708 97
4709 97
4710 97
4711 97
4712 97
4713 97
4714 97
4715 98
4716 98
4717 98
4718 98
4719 98
4720 98
4721 98
4722 98
4723 98
4724 98
4725 98
4726 98
4727 98
4728 98
4729 98
4730 98
4731 98
4732 98
4733 98
4734 98
4735 98
4736 98
4737 98
4738 98
4739 98
4740 98
4741 98
4742 98
4743 98
4744 98
4745 98
4746 98
4747 98
4748 98
4749 98
4750 98
4751 98
4752 98
4753 98
4754 98
4755 98
4756 98
4757 98
4758 98
4759 98
4760 98
4761 98
4762 98
4763 98
4764 98
4765 99
4766 99
4767 99
4768 99
4769 99
4770 99
4771 99
4772 99
4773 99
4774 99
4775 99
4776 99
4777 99
4778 99
4779 99
4780 99
4781 99
4782 99
4783 99
4784 99
4785 99
4786 99
4787 99
4788 99
4789 99
4790 99
4791 99
4792 99
4793 99
4794 99
4795 99
4796 99
4797 99
4798 99
4799 99
4800 99
4801 99
4802 99
4803 99
4804 99
4805 99
4806 99
4807 99
4808 99
4809 99
4810 99
4811 99
4812 99
4813 99
4814 99
4815 100
4816 100
4817 100
4818 100
4819 100
4820 100
4821 100
4822 100
4823 100
4824 100
4825 100
4826 100
4827 100
4828 100
4829 100
4830 100
4831 100
4832 100
4833 100
4834 100
4835 100
4836 100
4837 100
4838 100
4839 100
4840 100
4841 100
4842 100
4843 100
4844 100
4845 100
4846 100
4847 100
4848 100
4849 100
4850 100
4851 100
4852 100
4853 100
4854 100
4855 100
4856 100
4857 100
4858 100
4859 100
4860 100
4861 100
4862 100
4863 100
4864 100
4865 101
4866 101
4867 101
4868 101
4869 101
4870 101
4871 101
4872 101
4873 101
4874 101
4875 101
4876 101
4877 101
4878 101
4879 101
4880 101
4881 101
4882 101
4883 101
4884 101
4885 101
4886 101
4887 101
4888 101
4889 101
4890 101
4891 101
4892 101
4893 101
4894 101
4895 101
4896 101
4897 101
4898 101
4899 101
4900 101
4901 101
4902 101
4903 101
4904 101
4905 102
4906 102
4907 102
4908 102
4909 102
4910 102
4911 102
4912 102
4913 102
4914 102
4915 102
4916 102
4917 102
4918 102
4919 102
4920 102
4921 102
4922 102
4923 102
4924 102
4925 102
4926 102
4927 102
4928 102
4929 102
4930 102
4931 102
4932 102
4933 102
4934 102
4935 102
4936 102
4937 102
4938 102
4939 102
4940 102
4941 102
4942 102
4943 102
4944 102
4945 102
4946 102
4947 102
4948 102
4949 102
4950 102
4951 102
4952 102
4953 102
4954 102
4955 103
4956 103
4957 103
4958 103
4959 103
4960 103
4961 103
4962 103
4963 103
4964 103
4965 103
4966 103
4967 103
4968 103
4969 103
4970 103
4971 103
4972 103
4973 103
4974 103
4975 103
4976 103
4977 103
4978 103
4979 103
4980 103
4981 103
4982 103
4983 103
4984 103
4985 103
4986 103
4987 103
4988 103
4989 103
4990 103
4991 103
4992 103
4993 103
4994 103
4995 103
4996 103
4997 103
4998 103
4999 103
5000 103
5001 103
5002 103
5003 103
5004 103
5005 104
5006 104
5007 104
5008 104
5009 104
5010 104
5011 104
5012 104
5013 104
5014 104
5015 104
5016 104
5017 104
5018 104
5019 104
5020 104
5021 104
5022 104
5023 104
5024 104
5025 104
5026 104
5027 104
5028 104
5029 104
5030 104
5031 104
5032 104
5033 104
5034 104
5035 104
5036 104
5037 104
5038 104
5039 104
5040 104
5041 104
5042 104
5043 104
5044 104
5045 104
5046 104
5047 104
5048 104
5049 104
5050 104
5051 104
5052 104
5053 104
5054 104
5055 105
5056 105
5057 105
5058 105
5059 105
5060 105
5061 105
5062 105
5063 105
5064 105
5065 105
5066 105
5067 105
5068 105
5069 105
5070 105
5071 105
5072 105
5073 105
5074 105
5075 105
5076 105
5077 105
5078 105
5079 105
5080 105
5081 105
5082 105
5083 105
5084 105
5085 105
5086 105
5087 105
5088 105
5089 105
5090 105
5091 105
5092 105
5093 105
5094 106
5095 106
5096 106
5097 106
5098 106
5099 106
5100 106
5101 106
5102 106
5103 106
5104 106
5105 106
5106 106
5107 106
5108 106
5109 106
5110 106
5111 106
5112 106
5113 106
5114 106
5115 106
5116 106
5117 106
5118 106
5119 106
5120 106
5121 106
5122 106
5123 106
5124 106
5125 106
5126 106
5127 106
5128 106
5129 106
5130 106
5131 106
5132 106
5133 106
5134 106
5135 106
5136 106
5137 106
5138 106
5139 106
5140 106
5141 106
5142 106
5143 106
5144 107
5145 107
5146 107
5147 107
5148 107
5149 107
5150 107
5151 107
5152 107
5153 107
5154 107
5155 107
5156 107
5157 107
5158 107
5159 107
5160 107
5161 107
5162 107
5163 107
5164 107
5165 107
5166 107
5167 107
5168 107
5169 107
5170 107
5171 107
5172 107
5173 107
5174 107
5175 107
5176 107
5177 107
5178 107
5179 107
5180 107
5181 107
5182 107
5183 107
5184 107
5185 107
5186 107
5187 107
5188 107
5189 107
5190 107
5191 107
5192 107
5193 108
5194 108
5195 108
5196 108
5197 108
5198 108
5199 108
5200 108
5201 108
5202 108
5203 108
5204 108
5205 108
5206 108
5207 108
5208 108
5209 108
5210 108
5211 108
5212 108
5213 108
5214 108
5215 108
5216 108
5217 108
5218 108
5219 108
5220 108
5221 108
5222 108
5223 108
5224 108
5225 108
5226 108
5227 108
5228 108
5229 108
5230 108
5231 108
5232 108
5233 108
5234 108
5235 108
5236 108
5237 108
5238 108
5239 108
5240 108
5241 108
5242 108
5243 109
5244 109
5245 109
5246 109
5247 109
5248 109
5249 109
5250 109
5251 109
5252 109
5253 109
5254 109
5255 109
5256 109
5257 109
5258 109
5259 109
5260 109
5261 109
5262 109
5263 109
5264 109
5265 109
5266 109
5267 109
5268 109
5269 109
5270 109
5271 109
5272 109
5273 109
5274 109
5275 109
5276 109
5277 109
5278 109
5279 109
5280 109
5281 109
5282 109
5283 109
5284 109
5285 109
5286 109
5287 109
5288 109
5289 109
5290 109
5291 109
5292 109
5293 110
5294 110
5295 110
5296 110
5297 110
5298 110
5299 110
5300 110
5301 110
5302 110
5303 110
5304 110
5305 110
5306 110
5307 110
5308 110
5309 110
5310 110
5311 110
5312 110
5313 110
5314 110
5315 110
5316 110
5317 110
5318 110
5319 110
5320 110
5321 110
5322 110
5323 110
5324 110
5325 110
5326 110
5327 110
5328 110
5329 110
5330 110
5331 110
5332 110
5333 110
5334 110
5335 110
5336 110
5337 110
5338 110
5339 110
5340 110
5341 110
5342 110
5343 111
5344 111
5345 111
5346 111
5347 111
5348 111
5349 111
5350 111
5351 111
5352 111
5353 111
5354 111
5355 111
5356 111
5357 111
5358 111
5359 111
5360 111
5361 111
5362 111
5363 111
5364 111
5365 111
5366 111
5367 111
5368 111
5369 111
5370 111
5371 111
5372 111
5373 111
5374 111
5375 111
5376 111
5377 111
5378 111
5379 111
5380 111
5381 111
5382 111
5383 111
5384 111
5385 111
5386 111
5387 111
5388 111
5389 111
5390 111
5391 111
5392 111
5393 112
5394 112
5395 112
5396 112
5397 112
5398 112
5399 112
5400 112
5401 112
5402 112
5403 112
5404 112
5405 112
5406 112
5407 112
5408 112
5409 112
5410 112
5411 112
5412 112
5413 112
5414 112
5415 112
5416 112
5417 112
5418 112
5419 112
5420 112
5421 112
5422 112
5423 112
5424 112
5425 112
5426 112
5427 112
5428 112
5429 112
5430 112
5431 112
5432 112
5433 112
5434 112
5435 112
5436 112
5437 112
5438 112
5439 112
5440 112
5441 112
5442 112
5443 113
5444 113
5445 113
5446 113
5447 113
5448 113
5449 113
5450 113
5451 113
5452 113
5453 113
5454 113
5455 113
5456 113
5457 113
5458 113
5459 113
5460 113
5461 113
5462 113
5463 113
5464 113
5465 113
5466 113
5467 113
5468 113
5469 113
5470 113
5471 113
5472 113
5473 113
5474 113
5475 113
5476 113
5477 113
5478 113
5479 113
5480 113
5481 113
5482 113
5483 114
5484 114
5485 114
5486 114
5487 114
5488 114
5489 114
5490 114
5491 114
5492 114
5493 114
5494 114
5495 114
5496 114
5497 114
5498 114
5499 114
5500 114
5501 114
5502 114
5503 114
5504 114
5505 114
5506 114
5507 114
5508 114
5509 114
5510 114
5511 114
5512 114
5513 114
5514 114
5515 114
5516 114
5517 114
5518 114
5519 114
5520 114
5521 114
5522 114
5523 114
5524 114
5525 114
5526 114
5527 114
5528 114
5529 114
5530 114
5531 114
5532 114
5533 115
5534 115
5535 115
5536 115
5537 115
5538 115
5539 115
5540 115
5541 115
5542 115
5543 115
5544 115
5545 115
5546 115
5547 115
5548 115
5549 115
5550 115
5551 115
5552 115
5553 115
5554 115
5555 115
5556 115
5557 115
5558 115
5559 115
5560 115
5561 115
5562 115
5563 115
5564 115
5565 115
5566 115
5567 115
5568 115
5569 115
5570 115
5571 115
5572 115
5573 115
5574 115
5575 115
5576 115
5577 115
5578 115
5579 115
5580 115
5581 115
5582 116
5583 116
5584 116
5585 116
5586 116
5587 116
5588 116
5589 116
5590 116
5591 116
5592 116
5593 116
5594 116
5595 116
5596 116
5597 116
5598 116
5599 116
5600 116
5601 116
5602 116
5603 116
5604 116
5605 116
5606 116
5607 116
5608 116
5609 116
5610 116
5611 116
5612 116
5613 116
5614 116
5615 116
5616 116
5617 116
5618 116
5619 116
5620 116
5621 116
5622 116
5623 116
5624 116
5625 116
5626 116
5627 116
5628 116
5629 116
5630 116
5631 116
5632 117
5633 117
5634 117
5635 117
5636 117
5637 117
5638 117
5639 117
5640 117
5641 117
5642 117
5643 117
5644 117
5645 117
5646 117
5647 117
5648 117
5649 117
5650 117
5651 117
5652 117
5653 117
5654 117
5655 117
5656 117
5657 117
5658 117
5659 117
5660 117
5661 117
5662 117
5663 117
5664 117
5665 117
5666 117
5667 117
5668 117
5669 117
5670 117
5671 117
5672 117
5673 117
5674 117
5675 117
5676 117
5677 117
5678 117
5679 117
5680 117
5681 118
5682 118
5683 118
5684 118
5685 118
5686 118
5687 118
5688 118
5689 118
5690 118
5691 118
5692 118
5693 118
5694 118
5695 118
5696 118
5697 118
5698 118
5699 118
5700 118
5701 118
5702 118
5703 118
5704 118
5705 118
5706 118
5707 118
5708 118
5709 118
5710 118
5711 118
5712 118
5713 118
5714 118
5715 118
5716 118
5717 118
5718 118
5719 118
5720 118
5721 118
5722 118
5723 118
5724 118
5725 118
5726 118
5727 118
5728 118
5729 118
5730 118
5731 119
5732 119
5733 119
5734 119
5735 119
5736 119
5737 119
5738 119
5739 119
5740 119
5741 119
5742 119
5743 119
5744 119
5745 119
5746 119
5747 119
5748 119
5749 119
5750 119
5751 119
5752 119
5753 119
5754 119
5755 119
5756 119
5757 119
5758 119
5759 119
5760 119
5761 119
5762 119
5763 119
5764 119
5765 119
5766 119
5767 119
5768 119
5769 119
5770 119
5771 119
5772 119
5773 119
5774 119
5775 119
5776 119
5777 119
5778 119
5779 119
5780 120
5781 120
5782 120
5783 120
5784 120
5785 120
5786 120
5787 120
5788 120
5789 120
5790 120
5791 120
5792 120
5793 120
5794 120
5795 120
5796 120
5797 120
5798 120
5799 120
5800 120
5801 120
5802 120
5803 120
5804 120
5805 120
5806 120
5807 120
5808 120
5809 120
5810 120
5811 120
5812 120
5813 120
5814 120
5815 120
5816 120
5817 120
5818 120
5819 120
5820 120
5821 120
5822 120
5823 120
5824 120
5825 120
5826 120
5827 120
5828 120
5829 120
5830 121
5831 121
5832 121
5833 121
5834 121
5835 121
5836 121
5837 121
5838 121
5839 121
5840 121
5841 121
5842 121
5843 121
5844 121
5845 121
5846 121
5847 121
5848 121
5849 121
5850 121
5851 121
5852 121
5853 121
5854 121
5855 121
5856 121
5857 121
5858 121
5859 121
5860 121
5861 121
5862 121
5863 121
5864 121
5865 121
5866 121
5867 121
5868 121
5869 121
5870 121
5871 121
5872 121
5873 121
5874 121
5875 121
5876 121
5877 121
5878 121
5879 121
5880 122
5881 122
5882 122
5883 122
5884 122
5885 122
5886 122
5887 122
5888 122
5889 122
5890 122
5891 122
5892 122
5893 122
5894 122
5895 122
5896 122
5897 122
5898 122
5899 122
5900 122
5901 122
5902 122
5903 122
5904 122
5905 122
5906 122
5907 122
5908 122
5909 122
5910 122
5911 122
5912 122
5913 122
5914 122
5915 122
5916 122
5917 122
5918 122
5919 122
5920 122
5921 122
5922 122
5923 122
5924 122
5925 122
5926 122
5927 122
5928 122
5929 122
5930 123
5931 123
5932 123
5933 123
5934 123
5935 123
5936 123
5937 123
5938 123
5939 123
5940 123
5941 123
5942 123
5943 123
5944 123
5945 123
5946 123
5947 123
5948 123
5949 123
5950 123
5951 123
5952 123
5953 123
5954 123
5955 123
5956 123
5957 123
5958 123
5959 123
5960 123
5961 123
5962 123
5963 123
5964 123
5965 123
5966 123
5967 123
5968 123
5969 123
5970 123
5971 123
5972 123
5973 123
5974 123
5975 123
5976 123
5977 123
5978 123
5979 123
5980 124
5981 124
5982 124
5983 124
5984 124
5985 124
5986 124
5987 124
5988 124
5989 124
5990 124
5991 124
5992 124
5993 124
5994 124
5995 124
5996 124
5997 124
5998 124
5999 124
6000 124
6001 124
6002 124
6003 124
6004 124
6005 124
6006 124
6007 124
6008 124
6009 124
6010 124
6011 124
6012 124
6013 124
6014 124
6015 124
6016 124
6017 124
6018 124
6019 124
6020 124
6021 124
6022 124
6023 124
6024 124
6025 124
6026 124
6027 124
6028 124
6029 125
6030 125
6031 125
6032 125
6033 125
6034 125
6035 125
6036 125
6037 125
6038 125
6039 125
6040 125
6041 125
6042 125
6043 125
6044 125
6045 125
6046 125
6047 125
6048 125
6049 125
6050 125
6051 125
6052 125
6053 125
6054 125
6055 125
6056 125
6057 125
6058 125
6059 125
6060 125
6061 125
6062 125
6063 125
6064 125
6065 125
6066 125
6067 125
6068 125
6069 125
6070 125
6071 125
6072 125
6073 125
6074 125
6075 125
6076 125
6077 125
6078 126
6079 126
6080 126
6081 126
6082 126
6083 126
6084 126
6085 126
6086 126
6087 126
6088 126
6089 126
6090 126
6091 126
6092 126
6093 126
6094 126
6095 126
6096 126
6097 126
6098 126
6099 126
6100 126
6101 126
6102 126
6103 126
6104 126
6105 126
6106 126
6107 126
6108 126
6109 126
6110 126
6111 126
6112 126
6113 126
6114 126
6115 126
6116 126
6117 126
6118 126
6119 126
6120 126
6121 126
6122 126
6123 126
6124 126
6125 126
6126 126
6127 127
6128 127
6129 127
6130 127
6131 127
6132 127
6133 127
6134 127
6135 127
6136 127
6137 127
6138 127
6139 127
6140 127
6141 127
6142 127
6143 127
6144 127
6145 127
6146 127
6147 127
6148 127
6149 127
6150 127
6151 127
6152 127
6153 127
6154 127
6155 127
6156 127
6157 127
6158 127
6159 127
6160 127
6161 127
6162 127
6163 127
6164 127
6165 127
6166 127
6167 127
6168 127
6169 127
6170 127
6171 127
6172 127
6173 127
6174 127
6175 127
6176 127
6177 128
6178 128
6179 128
6180 128
6181 128
6182 128
6183 128
6184 128
6185 128
6186 128
6187 128
6188 128
6189 128
6190 128
6191 128
6192 128
6193 128
6194 128
6195 128
6196 128
6197 128
6198 128
6199 128
6200 128
6201 128
6202 128
6203 128
6204 128
6205 128
6206 128
6207 128
6208 128
6209 128
6210 128
6211 128
6212 128
6213 128
6214 128
6215 128
6216 128
6217 128
6218 128
6219 128
6220 128
6221 128
6222 128
6223 128
6224 128
6225 128
6226 128
6227 129
6228 129
6229 129
6230 129
6231 129
6232 129
6233 129
6234 129
6235 129
6236 129
6237 129
6238 129
6239 129
6240 129
6241 129
6242 129
6243 129
6244 129
6245 129
6246 129
6247 129
6248 129
6249 129
6250 129
6251 129
6252 129
6253 129
6254 129
6255 129
6256 129
6257 129
6258 129
6259 129
6260 129
6261 129
6262 129
6263 129
6264 129
6265 129
6266 129
6267 129
6268 129
6269 129
6270 129
6271 129
6272 129
6273 129
6274 129
6275 129
6276 129
6277 130
6278 130
6279 130
6280 130
6281 130
6282 130
6283 130
6284 130
6285 130
6286 130
6287 130
6288 130
6289 130
6290 130
6291 130
6292 130
6293 130
6294 130
6295 130
6296 130
6297 130
6298 130
6299 130
6300 130
6301 130
6302 130
6303 130
6304 130
6305 130
6306 130
6307 130
6308 130
6309 130
6310 130
6311 130
6312 130
6313 130
6314 130
6315 130
6316 130
6317 130
6318 130
6319 130
6320 130
6321 130
6322 130
6323 130
6324 130
6325 130
6326 130
6327 131
6328 131
6329 131
6330 131
6331 131
6332 131
6333 131
6334 131
6335 131
6336 131
6337 131
6338 131
6339 131
6340 131
6341 131
6342 131
6343 131
6344 131
6345 131
6346 131
6347 131
6348 131
6349 131
6350 131
6351 131
6352 131
6353 131
6354 131
6355 131
6356 131
6357 131
6358 131
6359 131
6360 131
6361 131
6362 131
6363 131
6364 131
6365 131
6366 131
6367 131
6368 131
6369 131
6370 131
6371 131
6372 131
6373 131
6374 131
6375 131
6376 131
6377 132
6378 132
6379 132
6380 132
6381 132
6382 132
6383 132
6384 132
6385 132
6386 132
6387 132
6388 132
6389 132
6390 132
6391 132
6392 132
6393 132
6394 132
6395 132
6396 132
6397 132
6398 132
6399 132
6400 132
6401 132
6402 132
6403 132
6404 132
6405 132
6406 132
6407 132
6408 132
6409 132
6410 132
6411 132
6412 132
6413 132
6414 132
6415 132
6416 132
6417 132
6418 132
6419 132
6420 132
6421 132
6422 132
6423 132
6424 132
6425 132
6426 132
6427 133
6428 133
6429 133
6430 133
6431 133
6432 133
6433 133
6434 133
6435 133
6436 133
6437 133
6438 133
6439 133
6440 133
6441 133
6442 133
6443 133
6444 133
6445 133
6446 133
6447 133
6448 133
6449 133
6450 133
6451 133
6452 133
6453 133
6454 133
6455 133
6456 133
6457 133
6458 133
6459 133
6460 133
6461 133
6462 133
6463 133
6464 133
6465 133
6466 133
6467 133
6468 133
6469 133
6470 133
6471 133
6472 133
6473 133
6474 133
6475 133
6476 133
6477 134
6478 134
6479 134
6480 134
6481 134
6482 134
6483 134
6484 134
6485 134
6486 134
6487 134
6488 134
6489 134
6490 134
6491 134
6492 134
6493 134
6494 134
6495 134
6496 134
6497 134
6498 134
6499 134
6500 134
6501 134
6502 134
6503 134
6504 134
6505 134
6506 134
6507 134
6508 134
6509 134
6510 134
6511 134
6512 134
6513 134
6514 134
6515 134
6516 134
6517 134
6518 134
6519 134
6520 134
6521 134
6522 134
6523 134
6524 134
6525 134
6526 134
6527 135
6528 135
6529 135
6530 135
6531 135
6532 135
6533 135
6534 135
6535 135
6536 135
6537 135
6538 135
6539 135
6540 135
6541 135
6542 135
6543 135
6544 135
6545 135
6546 135
6547 135
6548 135
6549 135
6550 135
6551 135
6552 135
6553 135
6554 135
6555 135
6556 135
6557 135
6558 135
6559 135
6560 135
6561 135
6562 135
6563 135
6564 135
6565 135
6566 135
6567 135
6568 135
6569 135
6570 135
6571 135
6572 135
6573 135
6574 135
6575 135
6576 136
6577 136
6578 136
6579 136
6580 136
6581 136
6582 136
6583 136
6584 136
6585 136
6586 136
6587 136
6588 136
6589 136
6590 136
6591 136
6592 136
6593 136
6594 136
6595 136
6596 136
6597 136
6598 136
6599 136
6600 136
6601 136
6602 136
6603 136
6604 136
6605 136
6606 136
6607 136
6608 136
6609 136
6610 136
6611 136
6612 136
6613 136
6614 136
6615 136
6616 136
6617 136
6618 136
6619 136
6620 136
6621 136
6622 136
6623 136
6624 136
6625 136
6626 137
6627 137
6628 137
6629 137
6630 137
6631 137
6632 137
6633 137
6634 137
6635 137
6636 137
6637 137
6638 137
6639 137
6640 137
6641 137
6642 137
6643 137
6644 137
6645 137
6646 137
6647 137
6648 137
6649 137
6650 137
6651 137
6652 137
6653 137
6654 137
6655 137
6656 137
6657 137
6658 137
6659 137
6660 137
6661 137
6662 137
6663 137
6664 137
6665 137
6666 137
6667 137
6668 137
6669 137
6670 137
6671 137
6672 137
6673 137
6674 137
6675 137
6676 138
6677 138
6678 138
6679 138
6680 138
6681 138
6682 138
6683 138
6684 138
6685 138
6686 138
6687 138
6688 138
6689 138
6690 138
6691 138
6692 138
6693 138
6694 138
6695 138
6696 138
6697 138
6698 138
6699 138
6700 138
6701 138
6702 138
6703 138
6704 138
6705 138
6706 138
6707 138
6708 138
6709 138
6710 138
6711 138
6712 138
6713 138
6714 138
6715 138
6716 138
6717 138
6718 138
6719 138
6720 138
6721 138
6722 138
6723 138
6724 138
6725 138
6726 139
6727 139
6728 139
6729 139
6730 139
6731 139
6732 139
6733 139
6734 139
6735 139
6736 139
6737 139
6738 139
6739 139
6740 139
6741 139
6742 139
6743 139
6744 139
6745 139
6746 139
6747 139
6748 139
6749 139
6750 139
6751 139
6752 139
6753 139
6754 139
6755 139
6756 139
6757 139
6758 139
6759 139
6760 139
6761 139
6762 139
6763 139
6764 139
6765 139
6766 139
6767 139
6768 139
6769 139
6770 139
6771 139
6772 139
6773 139
6774 139
6775 139
6776 140
6777 140
6778 140
6779 140
6780 140
6781 140
6782 140
6783 140
6784 140
6785 140
6786 140
6787 140
6788 140
6789 140
6790 140
6791 140
6792 140
6793 140
6794 140
6795 140
6796 140
6797 140
6798 140
6799 140
6800 140
6801 140
6802 140
6803 140
6804 140
6805 140
6806 140
6807 140
6808 140
6809 140
6810 140
6811 140
6812 140
6813 140
6814 140
6815 140
6816 140
6817 140
6818 140
6819 140
6820 140
6821 140
6822 140
6823 140
6824 140
6825 140
6826 141
6827 141
6828 141
6829 141
6830 141
6831 141
6832 141
6833 141
6834 141
6835 141
6836 141
6837 141
6838 141
6839 141
6840 141
6841 141
6842 141
6843 141
6844 141
6845 141
6846 141
6847 141
6848 141
6849 141
6850 141
6851 141
6852 141
6853 141
6854 141
6855 141
6856 141
6857 141
6858 141
6859 141
6860 141
6861 141
6862 141
6863 141
6864 141
6865 141
6866 141
6867 141
6868 141
6869 141
6870 141
6871 141
6872 141
6873 141
6874 142
6875 142
6876 142
6877 142
6878 142
6879 142
6880 142
6881 142
6882 142
6883 142
6884 142
6885 142
6886 142
6887 142
6888 142
6889 142
6890 142
6891 142
6892 142
6893 142
6894 142
6895 142
6896 142
6897 142
6898 142
6899 142
6900 142
6901 142
6902 142
6903 142
6904 142
6905 142
6906 142
6907 142
6908 142
6909 142
6910 142
6911 142
6912 142
6913 142
6914 142
6915 142
6916 142
6917 142
6918 142
6919 142
6920 142
6921 142
6922 142
6923 142
6924 143
6925 143
6926 143
6927 143
6928 143
6929 143
6930 143
6931 143
6932 143
6933 143
6934 143
6935 143
6936 143
6937 143
6938 143
6939 143
6940 143
6941 143
6942 143
6943 143
6944 143
6945 143
6946 143
6947 143
6948 143
6949 143
6950 143
6951 143
6952 143
6953 143
6954 143
6955 143
6956 143
6957 143
6958 143
6959 143
6960 143
6961 143
6962 143
6963 143
6964 143
6965 143
6966 143
6967 143
6968 143
6969 143
6970 143
6971 143
6972 143
6973 143
6974 144
6975 144
6976 144
6977 144
6978 144
6979 144
6980 144
6981 144
6982 144
6983 144
6984 144
6985 144
6986 144
6987 144
6988 144
6989 144
6990 144
6991 144
6992 144
6993 144
6994 144
6995 144
6996 144
6997 144
6998 144
6999 144
7000 144
7001 144
7002 144
7003 144
7004 144
7005 144
7006 144
7007 144
7008 144
7009 144
7010 144
7011 144
7012 144
7013 144
7014 144
7015 144
7016 144
7017 144
7018 144
7019 144
7020 144
7021 144
7022 144
7023 144
7024 145
7025 145
7026 145
7027 145
7028 145
7029 145
7030 145
7031 145
7032 145
7033 145
7034 145
7035 145
7036 145
7037 145
7038 145
7039 145
7040 145
7041 145
7042 145
7043 145
7044 145
7045 145
7046 145
7047 145
7048 145
7049 145
7050 145
7051 145
7052 145
7053 145
7054 145
7055 145
7056 145
7057 145
7058 145
7059 145
7060 145
7061 145
7062 145
7063 145
7064 145
7065 145
7066 145
7067 145
7068 145
7069 145
7070 145
7071 145
7072 145
7073 145
7074 146
7075 146
7076 146
7077 146
7078 146
7079 146
7080 146
7081 146
7082 146
7083 146
7084 146
7085 146
7086 146
7087 146
7088 146
7089 146
7090 146
7091 146
7092 146
7093 146
7094 146
7095 146
7096 146
7097 146
7098 146
7099 146
7100 146
7101 146
7102 146
7103 146
7104 146
7105 146
7106 146
7107 146
7108 146
7109 146
7110 146
7111 146
7112 146
7113 146
7114 146
7115 146
7116 146
7117 146
7118 146
7119 146
7120 146
7121 146
7122 146
7123 146
7124 147
7125 147
7126 147
7127 147
7128 147
7129 147
7130 147
7131 147
7132 147
7133 147
7134 147
7135 147
7136 147
7137 147
7138 147
7139 147
7140 147
7141 147
7142 147
7143 147
7144 147
7145 147
7146 147
7147 147
7148 147
7149 147
7150 147
7151 147
7152 147
7153 147
7154 147
7155 147
7156 147
7157 147
7158 147
7159 147
7160 147
7161 147
7162 147
7163 147
7164 147
7165 147
7166 147
7167 147
7168 147
7169 147
7170 147
7171 147
7172 147
7173 147
7174 148
7175 148
7176 148
7177 148
7178 148
7179 148
7180 148
7181 148
7182 148
7183 148
7184 148
7185 148
7186 148
7187 148
7188 148
7189 148
7190 148
7191 148
7192 148
7193 148
7194 148
7195 148
7196 148
7197 148
7198 148
7199 148
7200 148
7201 148
7202 148
7203 148
7204 148
7205 148
7206 148
7207 148
7208 148
7209 148
7210 148
7211 148
7212 148
7213 148
7214 148
7215 148
7216 148
7217 148
7218 148
7219 148
7220 148
7221 148
7222 148
7223 148
7224 149
7225 149
7226 149
7227 149
7228 149
7229 149
7230 149
7231 149
7232 149
7233 149
7234 149
7235 149
7236 149
7237 149
7238 149
7239 149
7240 149
7241 149
7242 149
7243 149
7244 149
7245 149
7246 149
7247 149
7248 149
7249 149
7250 149
7251 149
7252 149
7253 149
7254 149
7255 149
7256 149
7257 149
7258 149
7259 149
7260 149
7261 149
7262 149
7263 149
7264 149
7265 149
7266 149
7267 149
7268 149
7269 149
7270 149
7271 149
7272 149
7273 150
7274 150
7275 150
7276 150
7277 150
7278 150
7279 150
7280 150
7281 150
7282 150
7283 150
7284 150
7285 150
7286 150
7287 150
7288 150
7289 150
7290 150
7291 150
7292 150
7293 150
7294 150
7295 150
7296 150
7297 150
7298 150
7299 150
7300 150
7301 150
7302 150
7303 150
7304 150
7305 150
7306 150
7307 150
7308 150
7309 150
7310 150
7311 150
7312 150
7313 150
7314 150
7315 150
7316 150
7317 150
7318 150
7319 150
7320 150
7321 150
7322 150
7323 151
7324 151
7325 151
7326 151
7327 151
7328 151
7329 151
7330 151
7331 151
7332 151
7333 151
7334 151
7335 151
7336 151
7337 151
7338 151
7339 151
7340 151
7341 151
7342 151
7343 151
7344 151
7345 151
7346 151
7347 151
7348 151
7349 151
7350 151
7351 151
7352 151
7353 151
7354 151
7355 151
7356 151
7357 151
7358 151
7359 151
7360 151
7361 151
7362 151
7363 151
7364 152
7365 152
7366 152
7367 152
7368 152
7369 152
7370 152
7371 152
7372 152
7373 152
7374 152
7375 152
7376 152
7377 152
7378 152
7379 152
7380 152
7381 152
7382 152
7383 152
7384 152
7385 152
7386 152
7387 152
7388 152
7389 152
7390 152
7391 152
7392 152
7393 152
7394 152
7395 152
7396 152
7397 152
7398 152
7399 152
7400 152
7401 152
7402 152
7403 152
7404 152
7405 152
7406 152
7407 152
7408 152
7409 152
7410 152
7411 152
7412 152
7413 152
7414 153
7415 153
7416 153
7417 153
7418 153
7419 153
7420 153
7421 153
7422 153
7423 153
7424 153
7425 153
7426 153
7427 153
7428 153
7429 153
7430 153
7431 153
7432 153
7433 153
7434 153
7435 153
7436 153
7437 153
7438 153
7439 153
7440 153
7441 153
7442 153
7443 153
7444 153
7445 153
7446 153
7447 153
7448 153
7449 153
7450 153
7451 153
7452 153
7453 153
7454 153
7455 153
7456 153
7457 153
7458 153
7459 153
7460 153
7461 153
7462 153
7463 154
7464 154
7465 154
7466 154
7467 154
7468 154
7469 154
7470 154
7471 154
7472 154
7473 154
7474 154
7475 154
7476 154
7477 154
7478 154
7479 154
7480 154
7481 154
7482 154
7483 154
7484 154
7485 154
7486 154
7487 154
7488 154
7489 154
7490 154
7491 154
7492 154
7493 154
7494 154
7495 154
7496 154
7497 154
7498 154
7499 154
7500 154
7501 154
7502 154
7503 154
7504 154
7505 154
7506 154
7507 154
7508 154
7509 154
7510 154
7511 154
7512 154
7513 155
7514 155
7515 155
7516 155
7517 155
7518 155
7519 155
7520 155
7521 155
7522 155
7523 155
7524 155
7525 155
7526 155
7527 155
7528 155
7529 155
7530 155
7531 155
7532 155
7533 155
7534 155
7535 155
7536 155
7537 155
7538 155
7539 155
7540 155
7541 155
7542 155
7543 155
7544 155
7545 155
7546 155
7547 155
7548 155
7549 155
7550 155
7551 155
7552 155
7553 155
7554 155
7555 155
7556 155
7557 155
7558 155
7559 155
7560 155
7561 155
7562 155
7563 156
7564 156
7565 156
7566 156
7567 156
7568 156
7569 156
7570 156
7571 156
7572 156
7573 156
7574 156
7575 156
7576 156
7577 156
7578 156
7579 156
7580 156
7581 156
7582 156
7583 156
7584 156
7585 156
7586 156
7587 156
7588 156
7589 156
7590 156
7591 156
7592 156
7593 156
7594 156
7595 156
7596 156
7597 156
7598 156
7599 156
7600 156
7601 156
7602 156
7603 156
7604 156
7605 156
7606 156
7607 156
7608 156
7609 156
7610 156
7611 156
7612 156
7613 157
7614 157
7615 157
7616 157
7617 157
7618 157
7619 157
7620 157
7621 157
7622 157
7623 157
7624 157
7625 157
7626 157
7627 157
7628 157
7629 157
7630 157
7631 157
7632 157
7633 157
7634 157
7635 157
7636 157
7637 157
7638 157
7639 157
7640 157
7641 157
7642 157
7643 157
7644 157
7645 157
7646 157
7647 157
7648 157
7649 157
7650 157
7651 157
7652 157
7653 157
7654 157
7655 157
7656 157
7657 157
7658 157
7659 157
7660 157
7661 157
7662 158
7663 158
7664 158
7665 158
7666 158
7667 158
7668 158
7669 158
7670 158
7671 158
7672 158
7673 158
7674 158
7675 158
7676 158
7677 158
7678 158
7679 158
7680 158
7681 158
7682 158
7683 158
7684 158
7685 158
7686 158
7687 158
7688 158
7689 158
7690 158
7691 158
7692 158
7693 158
7694 158
7695 158
7696 158
7697 158
7698 158
7699 158
7700 158
7701 158
7702 158
7703 158
7704 158
7705 158
7706 158
7707 158
7708 158
7709 158
7710 158
7711 158
7712 159
7713 159
7714 159
7715 159
7716 159
7717 159
7718 159
7719 159
7720 159
7721 159
7722 159
7723 159
7724 159
7725 159
7726 159
7727 159
7728 159
7729 159
7730 159
7731 159
7732 159
7733 159
7734 159
7735 159
7736 159
7737 159
7738 159
7739 159
7740 159
7741 159
7742 159
7743 159
7744 159
7745 159
7746 159
7747 159
7748 159
7749 159
7750 159
7751 159
7752 159
7753 159
7754 159
7755 159
7756 159
7757 159
7758 159
7759 159
7760 159
7761 159
7762 160
7763 160
7764 160
7765 160
7766 160
7767 160
7768 160
7769 160
7770 160
7771 160
7772 160
7773 160
7774 160
7775 160
7776 160
7777 160
7778 160
7779 160
7780 160
7781 160
7782 160
7783 160
7784 160
7785 160
7786 160
7787 160
7788 160
7789 160
7790 160
7791 160
7792 160
7793 160
7794 160
7795 160
7796 160
7797 160
7798 160
7799 160
7800 160
7801 160
7802 160
7803 160
7804 160
7805 160
7806 160
7807 160
7808 160
7809 160
7810 160
7811 161
7812 161
7813 161
7814 161
7815 161
7816 161
7817 161
7818 161
7819 161
7820 161
7821 161
7822 161
7823 161
7824 161
7825 161
7826 161
7827 161
7828 161
7829 161
7830 161
7831 161
7832 161
7833 161
7834 161
7835 161
7836 161
7837 161
7838 161
7839 161
7840 161
7841 161
7842 161
7843 161
7844 161
7845 161
7846 161
7847 161
7848 161
7849 161
7850 161
7851 161
7852 161
7853 161
7854 161
7855 161
7856 161
7857 161
7858 161
7859 161
7860 161
7861 162
7862 162
7863 162
7864 162
7865 162
7866 162
7867 162
7868 162
7869 162
7870 162
7871 162
7872 162
7873 162
7874 162
7875 162
7876 162
7877 162
7878 162
7879 162
7880 162
7881 162
7882 162
7883 162
7884 162
7885 162
7886 162
7887 162
7888 162
7889 162
7890 162
7891 162
7892 162
7893 162
7894 162
7895 162
7896 162
7897 162
7898 162
7899 162
7900 162
7901 162
7902 162
7903 162
7904 162
7905 162
7906 162
7907 162
7908 162
7909 162
7910 162
7911 163
7912 163
7913 163
7914 163
7915 163
7916 163
7917 163
7918 163
7919 163
7920 163
7921 163
7922 163
7923 163
7924 163
7925 163
7926 163
7927 163
7928 163
7929 163
7930 163
7931 163
7932 163
7933 163
7934 163
7935 163
7936 163
7937 163
7938 163
7939 163
7940 163
7941 163
7942 163
7943 163
7944 163
7945 163
7946 163
7947 163
7948 163
7949 163
7950 163
7951 163
7952 163
7953 163
7954 163
7955 163
7956 163
7957 163
7958 163
7959 163
7960 163
7961 164
7962 164
7963 164
7964 164
7965 164
7966 164
7967 164
7968 164
7969 164
7970 164
7971 164
7972 164
7973 164
7974 164
7975 164
7976 164
7977 164
7978 164
7979 164
7980 164
7981 164
7982 164
7983 164
7984 164
7985 164
7986 164
7987 164
7988 164
7989 164
7990 164
7991 164
7992 164
7993 164
7994 164
7995 164
7996 164
7997 164
7998 164
7999 164
8000 164
8001 164
8002 164
8003 164
8004 164
8005 164
8006 164
8007 164
8008 164
8009 164
8010 164
8011 165
8012 165
8013 165
8014 165
8015 165
8016 165
8017 165
8018 165
8019 165
8020 165
8021 165
8022 165
8023 165
8024 165
8025 165
8026 165
8027 165
8028 165
8029 165
8030 165
8031 165
8032 165
8033 165
8034 165
8035 165
8036 165
8037 165
8038 165
8039 165
8040 165
8041 165
8042 165
8043 165
8044 165
8045 165
8046 165
8047 165
8048 165
8049 165
8050 165
8051 165
8052 165
8053 165
8054 165
8055 165
8056 165
8057 165
8058 165
8059 165
8060 165
8061 166
8062 166
8063 166
8064 166
8065 166
8066 166
8067 166
8068 166
8069 166
8070 166
8071 166
8072 166
8073 166
8074 166
8075 166
8076 166
8077 166
8078 166
8079 166
8080 166
8081 166
8082 166
8083 166
8084 166
8085 166
8086 166
8087 166
8088 166
8089 166
8090 166
8091 166
8092 166
8093 166
8094 166
8095 166
8096 166
8097 166
8098 166
8099 166
8100 166
8101 166
8102 166
8103 166
8104 166
8105 166
8106 166
8107 166
8108 166
8109 166
8110 167
8111 167
8112 167
8113 167
8114 167
8115 167
8116 167
8117 167
8118 167
8119 167
8120 167
8121 167
8122 167
8123 167
8124 167
8125 167
8126 167
8127 167
8128 167
8129 167
8130 167
8131 167
8132 167
8133 167
8134 167
8135 167
8136 167
8137 167
8138 167
8139 167
8140 167
8141 167
8142 167
8143 167
8144 167
8145 167
8146 167
8147 167
8148 167
8149 167
8150 167
8151 167
8152 167
8153 167
8154 167
8155 167
8156 167
8157 167
8158 167
8159 167
8160 168
8161 168
8162 168
8163 168
8164 168
8165 168
8166 168
8167 168
8168 168
8169 168
8170 168
8171 168
8172 168
8173 168
8174 168
8175 168
8176 168
8177 168
8178 168
8179 168
8180 168
8181 168
8182 168
8183 168
8184 168
8185 168
8186 168
8187 168
8188 168
8189 168
8190 168
8191 168
8192 168
8193 168
8194 168
8195 168
8196 168
8197 168
8198 168
8199 168
8200 168
8201 168
8202 168
8203 168
8204 168
8205 168
8206 168
8207 168
8208 168
8209 169
8210 169
8211 169
8212 169
8213 169
8214 169
8215 169
8216 169
8217 169
8218 169
8219 169
8220 169
8221 169
8222 169
8223 169
8224 169
8225 169
8226 169
8227 169
8228 169
8229 169
8230 169
8231 169
8232 169
8233 169
8234 169
8235 169
8236 169
8237 169
8238 169
8239 169
8240 169
8241 169
8242 169
8243 169
8244 169
8245 169
8246 169
8247 169
8248 169
8249 169
8250 169
8251 169
8252 169
8253 169
8254 169
8255 169
8256 169
8257 169
8258 170
8259 170
8260 170
8261 170
8262 170
8263 170
8264 170
8265 170
8266 170
8267 170
8268 170
8269 170
8270 170
8271 170
8272 170
8273 170
8274 170
8275 170
8276 170
8277 170
8278 170
8279 170
8280 170
8281 170
8282 170
8283 170
8284 170
8285 170
8286 170
8287 170
8288 170
8289 170
8290 170
8291 170
8292 170
8293 170
8294 170
8295 170
8296 170
8297 170
8298 170
8299 170
8300 170
8301 170
8302 170
8303 170
8304 170
8305 170
8306 170
8307 170
8308 171
8309 171
8310 171
8311 171
8312 171
8313 171
8314 171
8315 171
8316 171
8317 171
8318 171
8319 171
8320 171
8321 171
8322 171
8323 171
8324 171
8325 171
8326 171
8327 171
8328 171
8329 171
8330 171
8331 171
8332 171
8333 171
8334 171
8335 171
8336 171
8337 171
8338 171
8339 171
8340 171
8341 171
8342 171
8343 171
8344 171
8345 171
8346 171
8347 171
8348 171
8349 171
8350 171
8351 171
8352 171
8353 171
8354 171
8355 171
8356 171
8357 171
8358 172
8359 172
8360 172
8361 172
8362 172
8363 172
8364 172
8365 172
8366 172
8367 172
8368 172
8369 172
8370 172
8371 172
8372 172
8373 172
8374 172
8375 172
8376 172
8377 172
8378 172
8379 172
8380 172
8381 172
8382 172
8383 172
8384 172
8385 172
8386 172
8387 172
8388 172
8389 172
8390 172
8391 172
8392 172
8393 172
8394 172
8395 172
8396 172
8397 172
8398 172
8399 172
8400 172
8401 172
8402 172
8403 172
8404 172
8405 172
8406 172
8407 172
8408 173
8409 173
8410 173
8411 173
8412 173
8413 173
8414 173
8415 173
8416 173
8417 173
8418 173
8419 173
8420 173
8421 173
8422 173
8423 173
8424 173
8425 173
8426 173
8427 173
8428 173
8429 173
8430 173
8431 173
8432 173
8433 173
8434 173
8435 173
8436 173
8437 173
8438 173
8439 173
8440 173
8441 173
8442 173
8443 173
8444 173
8445 173
8446 173
8447 173
8448 173
8449 173
8450 173
8451 173
8452 173
8453 173
8454 173
8455 173
8456 173
8457 173
8458 174
8459 174
8460 174
8461 174
8462 174
8463 174
8464 174
8465 174
8466 174
8467 174
8468 174
8469 174
8470 174
8471 174
8472 174
8473 174
8474 174
8475 174
8476 174
8477 174
8478 174
8479 174
8480 174
8481 174
8482 174
8483 174
8484 174
8485 174
8486 174
8487 174
8488 174
8489 174
8490 174
8491 174
8492 174
8493 174
8494 174
8495 174
8496 174
8497 174
8498 174
8499 174
8500 174
8501 174
8502 174
8503 174
8504 174
8505 174
8506 174
8507 174
8508 175
8509 175
8510 175
8511 175
8512 175
8513 175
8514 175
8515 175
8516 175
8517 175
8518 175
8519 175
8520 175
8521 175
8522 175
8523 175
8524 175
8525 175
8526 175
8527 175
8528 175
8529 175
8530 175
8531 175
8532 175
8533 175
8534 175
8535 175
8536 175
8537 175
8538 175
8539 175
8540 175
8541 175
8542 175
8543 175
8544 175
8545 175
8546 175
8547 175
8548 175
8549 175
8550 175
8551 175
8552 175
8553 175
8554 175
8555 175
8556 175
8557 175
8558 176
8559 176
8560 176
8561 176
8562 176
8563 176
8564 176
8565 176
8566 176
8567 176
8568 176
8569 176
8570 176
8571 176
8572 176
8573 176
8574 176
8575 176
8576 176
8577 176
8578 176
8579 176
8580 176
8581 176
8582 176
8583 176
8584 176
8585 176
8586 176
8587 176
8588 176
8589 176
8590 176
8591 176
8592 176
8593 176
8594 176
8595 176
8596 176
8597 176
8598 176
8599 176
8600 176
8601 176
8602 176
8603 176
8604 176
8605 176
8606 176
8607 176
8608 177
8609 177
8610 177
8611 177
8612 177
8613 177
8614 177
8615 177
8616 177
8617 177
8618 177
8619 177
8620 177
8621 177
8622 177
8623 177
8624 177
8625 177
8626 177
8627 177
8628 177
8629 177
8630 177
8631 177
8632 177
8633 177
8634 177
8635 177
8636 177
8637 177
8638 177
8639 177
8640 177
8641 177
8642 177
8643 177
8644 177
8645 177
8646 177
8647 177
8648 177
8649 177
8650 177
8651 177
8652 177
8653 177
8654 177
8655 177
8656 177
8657 177
8658 178
8659 178
8660 178
8661 178
8662 178
8663 178
8664 178
8665 178
8666 178
8667 178
8668 178
8669 178
8670 178
8671 178
8672 178
8673 178
8674 178
8675 178
8676 178
8677 178
8678 178
8679 178
8680 178
8681 178
8682 178
8683 178
8684 178
8685 178
8686 178
8687 178
8688 178
8689 178
8690 178
8691 178
8692 178
8693 178
8694 178
8695 178
8696 178
8697 178
8698 178
8699 178
8700 178
8701 178
8702 178
8703 178
8704 179
8705 179
8706 179
8707 179
8708 179
8709 179
8710 179
8711 179
8712 179
8713 179
8714 179
8715 179
8716 179
8717 179
8718 179
8719 179
8720 179
8721 179
8722 179
8723 179
8724 179
8725 179
8726 179
8727 179
8728 179
8729 179
8730 179
8731 179
8732 179
8733 179
8734 179
8735 179
8736 179
8737 179
8738 179
8739 179
8740 179
8741 179
8742 179
8743 179
8744 179
8745 179
8746 179
8747 179
8748 179
8749 179
8750 179
8751 179
8752 179
8753 180
8754 180
8755 180
8756 180
8757 180
8758 180
8759 180
8760 180
8761 180
8762 180
8763 180
8764 180
8765 180
8766 180
8767 180
8768 180
8769 180
8770 180
8771 180
8772 180
8773 180
8774 180
8775 180
8776 180
8777 180
8778 180
8779 180
8780 180
8781 180
8782 180
8783 180
8784 180
8785 180
8786 180
8787 180
8788 180
8789 180
8790 180
8791 180
8792 180
8793 180
8794 180
8795 180
8796 180
8797 180
8798 180
8799 180
8800 180
8801 180
8802 180
8803 181
8804 181
8805 181
8806 181
8807 181
8808 181
8809 181
8810 181
8811 181
8812 181
8813 181
8814 181
8815 181
8816 181
8817 181
8818 181
8819 181
8820 181
8821 181
8822 181
8823 181
8824 181
8825 181
8826 181
8827 181
8828 181
8829 181
8830 181
8831 181
8832 181
8833 181
8834 181
8835 181
8836 181
8837 181
8838 181
8839 181
8840 181
8841 181
8842 181
8843 181
8844 181
8845 181
8846 181
8847 181
8848 181
8849 181
8850 181
8851 181
8852 182
8853 182
8854 182
8855 182
8856 182
8857 182
8858 182
8859 182
8860 182
8861 182
8862 182
8863 182
8864 182
8865 182
8866 182
8867 182
8868 182
8869 182
8870 182
8871 182
8872 182
8873 182
8874 182
8875 182
8876 182
8877 182
8878 182
8879 182
8880 182
8881 182
8882 182
8883 182
8884 182
8885 182
8886 182
8887 182
8888 182
8889 182
8890 182
8891 182
8892 182
8893 182
8894 182
8895 182
8896 182
8897 182
8898 182
8899 182
8900 182
8901 182
8902 183
8903 183
8904 183
8905 183
8906 183
8907 183
8908 183
8909 183
8910 183
8911 183
8912 183
8913 183
8914 183
8915 183
8916 183
8917 183
8918 183
8919 183
8920 183
8921 183
8922 183
8923 183
8924 183
8925 183
8926 183
8927 183
8928 183
8929 183
8930 183
8931 183
8932 183
8933 183
8934 183
8935 183
8936 183
8937 183
8938 183
8939 183
8940 183
8941 183
8942 183
8943 183
8944 183
8945 183
8946 183
8947 183
8948 183
8949 183
8950 183
8951 183
8952 184
8953 184
8954 184
8955 184
8956 184
8957 184
8958 184
8959 184
8960 184
8961 184
8962 184
8963 184
8964 184
8965 184
8966 184
8967 184
8968 184
8969 184
8970 184
8971 184
8972 184
8973 184
8974 184
8975 184
8976 184
8977 184
8978 184
8979 184
8980 184
8981 184
8982 184
8983 184
8984 184
8985 184
8986 184
8987 184
8988 184
8989 184
8990 184
8991 184
8992 184
8993 184
8994 184
8995 184
8996 184
8997 184
8998 184
8999 184
9000 184
9001 184
9002 185
9003 185
9004 185
9005 185
9006 185
9007 185
9008 185
9009 185
9010 185
9011 185
9012 185
9013 185
9014 185
9015 185
9016 185
9017 185
9018 185
9019 185
9020 185
9021 185
9022 185
9023 185
9024 185
9025 185
9026 185
9027 185
9028 185
9029 185
9030 185
9031 185
9032 185
9033 185
9034 185
9035 185
9036 185
9037 185
9038 185
9039 185
9040 185
9041 185
9042 185
9043 185
9044 185
9045 185
9046 185
9047 185
9048 185
9049 185
9050 185
9051 185
9052 186
9053 186
9054 186
9055 186
9056 186
9057 186
9058 186
9059 186
9060 186
9061 186
9062 186
9063 186
9064 186
9065 186
9066 186
9067 186
9068 186
9069 186
9070 186
9071 186
9072 186
9073 186
9074 186
9075 186
9076 186
9077 186
9078 186
9079 186
9080 186
9081 186
9082 186
9083 186
9084 186
9085 186
9086 186
9087 186
9088 186
9089 186
9090 186
9091 186
9092 186
9093 186
9094 186
9095 186
9096 186
9097 186
9098 186
9099 186
9100 186
9101 186
9102 187
9103 187
9104 187
9105 187
9106 187
9107 187
9108 187
9109 187
9110 187
9111 187
9112 187
9113 187
9114 187
9115 187
9116 187
9117 187
9118 187
9119 187
9120 187
9121 187
9122 187
9123 187
9124 187
9125 187
9126 187
9127 187
9128 187
9129 187
9130 187
9131 187
9132 187
9133 187
9134 187
9135 187
9136 187
9137 187
9138 187
9139 187
9140 187
9141 187
9142 188
9143 188
9144 188
9145 188
9146 188
9147 188
9148 188
9149 188
9150 188
9151 188
9152 188
9153 188
9154 188
9155 188
9156 188
9157 188
9158 188
9159 188
9160 188
9161 188
9162 188
9163 188
9164 188
9165 188
9166 188
9167 188
9168 188
9169 188
9170 188
9171 188
9172 188
9173 188
9174 188
9175 188
9176 188
9177 188
9178 188
9179 188
9180 188
9181 188
9182 188
9183 188
9184 188
9185 188
9186 188
9187 188
9188 188
9189 188
9190 188
9191 188
9192 189
9193 189
9194 189
9195 189
9196 189
9197 189
9198 189
9199 189
9200 189
9201 189
9202 189
9203 189
9204 189
9205 189
9206 189
9207 189
9208 189
9209 189
9210 189
9211 189
9212 189
9213 189
9214 189
9215 189
9216 189
9217 189
9218 189
9219 189
9220 189
9221 189
9222 189
9223 189
9224 189
9225 189
9226 189
9227 189
9228 189
9229 189
9230 189
9231 189
9232 189
9233 189
9234 189
9235 189
9236 189
9237 189
9238 189
9239 189
9240 189
9241 189
9242 190
9243 190
9244 190
9245 190
9246 190
9247 190
9248 190
9249 190
9250 190
9251 190
9252 190
9253 190
9254 190
9255 190
9256 190
9257 190
9258 190
9259 190
9260 190
9261 190
9262 190
9263 190
9264 190
9265 190
9266 190
9267 190
9268 190
9269 190
9270 190
9271 190
9272 190
9273 190
9274 190
9275 190
9276 190
9277 190
9278 190
9279 190
9280 190
9281 190
9282 190
9283 190
9284 190
9285 190
9286 190
9287 190
9288 190
9289 190
9290 191
9291 191
9292 191
9293 191
9294 191
9295 191
9296 191
9297 191
9298 191
9299 191
9300 191
9301 191
9302 191
9303 191
9304 191
9305 191
9306 191
9307 191
9308 191
9309 191
9310 191
9311 191
9312 191
9313 191
9314 191
9315 191
9316 191
9317 191
9318 191
9319 191
9320 191
9321 191
9322 191
9323 191
9324 191
9325 191
9326 191
9327 191
9328 191
9329 191
9330 191
9331 191
9332 191
9333 191
9334 191
9335 191
9336 191
9337 191
9338 191
9339 191
9340 192
9341 192
9342 192
9343 192
9344 192
9345 192
9346 192
9347 192
9348 192
9349 192
9350 192
9351 192
9352 192
9353 192
9354 192
9355 192
9356 192
9357 192
9358 192
9359 192
9360 192
9361 192
9362 192
9363 192
9364 192
9365 192
9366 192
9367 192
9368 192
9369 192
9370 192
9371 192
9372 192
9373 192
9374 192
9375 192
9376 192
9377 192
9378 192
9379 192
9380 192
9381 192
9382 192
9383 192
9384 192
9385 192
9386 192
9387 192
9388 192
9389 192
9390 193
9391 193
9392 193
9393 193
9394 193
9395 193
9396 193
9397 193
9398 193
9399 193
9400 193
9401 193
9402 193
9403 193
9404 193
9405 193
9406 193
9407 193
9408 193
9409 193
9410 193
9411 193
9412 193
9413 193
9414 193
9415 193
9416 193
9417 193
9418 193
9419 193
9420 193
9421 193
9422 193
9423 193
9424 193
9425 193
9426 193
9427 193
9428 193
9429 193
9430 193
9431 193
9432 193
9433 193
9434 193
9435 193
9436 193
9437 193
9438 193
9439 193
9440 194
9441 194
9442 194
9443 194
9444 194
9445 194
9446 194
9447 194
9448 194
9449 194
9450 194
9451 194
9452 194
9453 194
9454 194
9455 194
9456 194
9457 194
9458 194
9459 194
9460 194
9461 194
9462 194
9463 194
9464 194
9465 194
9466 194
9467 194
9468 194
9469 194
9470 194
9471 194
9472 194
9473 194
9474 194
9475 194
9476 194
9477 194
9478 194
9479 194
9480 194
9481 194
9482 194
9483 194
9484 194
9485 194
9486 194
9487 194
9488 194
9489 194
9490 195
9491 195
9492 195
9493 195
9494 195
9495 195
9496 195
9497 195
9498 195
9499 195
9500 195
9501 195
9502 195
9503 195
9504 195
9505 195
9506 195
9507 195
9508 195
9509 195
9510 195
9511 195
9512 195
9513 195
9514 195
9515 195
9516 195
9517 195
9518 195
9519 195
9520 195
9521 195
9522 195
9523 195
9524 195
9525 195
9526 195
9527 195
9528 195
9529 195
9530 195
9531 195
9532 195
9533 195
9534 195
9535 195
9536 195
9537 195
9538 195
9539 195
9540 196
9541 196
9542 196
9543 196
9544 196
9545 196
9546 196
9547 196
9548 196
9549 196
9550 196
9551 196
9552 196
9553 196
9554 196
9555 196
9556 196
9557 196
9558 196
9559 196
9560 196
9561 196
9562 196
9563 196
9564 196
9565 196
9566 196
9567 196
9568 196
9569 196
9570 196
9571 196
9572 196
9573 196
9574 196
9575 196
9576 196
9577 196
9578 196
9579 196
9580 196
9581 196
9582 196
9583 196
9584 196
9585 196
9586 196
9587 196
9588 196
9589 197
9590 197
9591 197
9592 197
9593 197
9594 197
9595 197
9596 197
9597 197
9598 197
9599 197
9600 197
9601 197
9602 197
9603 197
9604 197
9605 197
9606 197
9607 197
9608 197
9609 197
9610 197
9611 197
9612 197
9613 197
9614 197
9615 197
9616 197
9617 197
9618 197
9619 197
9620 197
9621 197
9622 197
9623 197
9624 197
9625 197
9626 197
9627 197
9628 197
9629 197
9630 197
9631 197
9632 197
9633 197
9634 197
9635 197
9636 197
9637 197
9638 197
9639 198
9640 198
9641 198
9642 198
9643 198
9644 198
9645 198
9646 198
9647 198
9648 198
9649 198
9650 198
9651 198
9652 198
9653 198
9654 198
9655 198
9656 198
9657 198
9658 198
9659 198
9660 198
9661 198
9662 198
9663 198
9664 198
9665 198
9666 198
9667 198
9668 198
9669 198
9670 198
9671 198
9672 198
9673 198
9674 198
9675 198
9676 198
9677 198
9678 198
9679 198
9680 198
9681 198
9682 198
9683 198
9684 198
9685 198
9686 198
9687 198
9688 198
9689 199
9690 199
9691 199
9692 199
9693 199
9694 199
9695 199
9696 199
9697 199
9698 199
9699 199
9700 199
9701 199
9702 199
9703 199
9704 199
9705 199
9706 199
9707 199
9708 199
9709 199
9710 199
9711 199
9712 199
9713 199
9714 199
9715 199
9716 199
9717 199
9718 199
9719 199
9720 199
9721 199
9722 199
9723 199
9724 199
9725 199
9726 199
9727 199
9728 199
9729 199
9730 199
9731 199
9732 199
9733 199
9734 199
9735 199
9736 199
9737 199
9738 199
9739 200
9740 200
9741 200
9742 200
9743 200
9744 200
9745 200
9746 200
9747 200
9748 200
9749 200
9750 200
9751 200
9752 200
9753 200
9754 200
9755 200
9756 200
9757 200
9758 200
9759 200
9760 200
9761 200
9762 200
9763 200
9764 200
9765 200
9766 200
9767 200
9768 200
9769 200
9770 200
9771 200
9772 200
9773 200
9774 200
9775 200
9776 200
9777 200
9778 200
9779 200
9780 200
9781 200
9782 200
9783 200
9784 200
9785 200
9786 200
9787 200
9788 200
